0,9153278 1
0,9483995 1
0,9893175 1
0,9648629 1
0,9927849 1
0,9905776 1
0,9890748 1
0,9809575 1
0,9899398 1
0,9843619 1
0,9900293 1
0,9625017 1
0,991388 1
0,9908393 1
0,9920772 1
0,9763206 1
0,9950162 1
0,9907265 1
0,9952852 1
0,9632242 1
0,9943796 1
0,9957267 1
0,996008 1
0,9770997 1
0,9611567 1
0,9905849 1
0,9931572 1
0,9609573 1
0,9902636 1
0,9912483 1
0,9931172 1
0,9806621 1
0,9906811 1
0,9923814 1
0,9910915 1
0,9528291 1
0,9929295 1
0,9927258 1
0,9926831 1
0,9708608 1
0,9923653 1
0,9944868 1
0,9907286 1
0,9732243 1
0,9939562 1
0,9944265 1
0,9958028 1
0,9763027 1
0,9948093 1
0,9599587 1
0,9915288 1
0,9429702 1
0,99256 1
0,9938058 1
0,9939175 1
0,9664847 1
0,9933677 1
0,9927077 1
0,9940255 1
0,96421 1
0,9944112 1
0,9935542 1
0,9943059 1
0,9872955 1
0,994298 1
0,9936929 1
0,9946246 1
0,9805679 1
0,9927104 1
0,9939411 1
0,9960313 1
0,9719619 1
0,994333 1
0,9938856 1
0,9583743 1
0,9676757 1
0,9914784 1
0,992698 1
0,9934456 1
0,9621121 1
0,9918975 1
0,9936929 1
0,9951752 1
0,985245 1
0,9914858 1
0,9939017 1
0,9939657 1
0,9621039 1
0,9914888 1
0,9934038 1
0,9947247 1
0,9726921 1
0,9908113 1
0,9948663 1
0,9956423 1
0,9675931 1
0,9927819 1
0,9938821 1
0,9949489 1
0,9570024 1
0,991226 1
0,9925865 1
0,9938401 1
0,9593995 1
0,9929804 1
0,9950839 1
0,9953065 1
0,9852109 1
0,9960822 1
0,9911448 1
0,9941965 1
0,9659271 1
0,9945811 1
0,9947621 1
0,9949269 1
0,9879339 1
0,9943334 1
0,9910557 1
0,9945347 1
0,9691367 1
0,9948518 1
0,9954455 1
0,9953007 1
0,9887317 1
0,9579591 1
0,9926997 1
0,995357 1
0,9439576 1
0,9957489 1
0,9913808 1
0,9949151 1
0,9770102 1
0,9944816 1
0,9947423 1
0,9932643 1
0,9678389 1
0,9872189 1
0,9923236 1
0,9956684 1
0,9866277 1
0,9957325 1
0,9955445 1
0,9933465 1
0,9719858 1
0,9921106 1
0,9918688 1
0,9965373 1
0,9753495 1
0,9962434 1
0,9569993 1
0,9913549 1
0,9502731 1
0,9955441 1
0,9950045 1
0,9933083 1
0,9870695 1
0,995771 1
0,996324 1
0,9974242 1
0,9650586 1
0,994244 1
0,9941487 1
0,9940599 1
0,9713749 1
0,9914898 1
0,9888663 1
0,9898297 1
0,9794459 1
0,9869395 1
0,9892662 1
0,9910405 1
0,9696282 1
0,9933018 1
0,9919631 1
0,9575364 1
0,9772306 1
0,9906916 1
0,9914638 1
0,9925115 1
0,9602712 1
0,9905536 1
0,9888953 1
0,9921381 1
0,9796448 1
0,9873368 1
0,9936625 1
0,9849814 1
0,966261 1
0,9913136 1
0,9927896 1
0,9931925 1
0,9861642 1
0,9898294 1
0,9925445 1
0,9922081 1
0,9710003 1
0,9914976 1
0,9917167 1
0,990967 1
0,9473475 1
0,9907313 1
0,9948074 1
0,9939858 1
0,9580591 1
0,9883153 1
0,9889905 1
0,9869413 1
0,9770354 1
0,9896277 1
0,9870843 1
0,9892079 1
0,9615187 1
0,9890378 1
0,988101 1
0,988007 1
0,9780032 1
0,9876056 1
0,986637 1
0,9892553 1
0,9723004 1
0,9931633 1
0,9942454 1
0,9957545 1
0,9866129 1
0,9522324 1
0,9882614 1
0,994065 1
0,9538795 1
0,9939104 1
0,9913919 1
0,9927046 1
0,9863451 1
0,9911354 1
0,9920253 1
0,9901677 1
0,9614799 1
0,9957185 1
0,9936137 1
0,9930897 1
0,9854064 1
0,9941944 1
0,9960017 1
0,9922988 1
0,9719731 1
0,9942072 1
0,9961473 1
0,9962266 1
0,9739623 1
0,9943225 1
0,9573556 1
0,9913433 1
0,9444109 1
0,9942738 1
0,9952461 1
0,9957402 1
0,9704442 1
0,9935268 1
0,9945239 1
0,9967846 1
0,9648934 1
0,9943574 1
0,9957603 1
0,9950895 1
0,9714195 1
0,9948617 1
0,9968615 1
0,9952306 1
0,9763867 1
0,9948817 1
0,9949703 1
0,9960676 1
0,9729435 1
0,9957796 1
0,994727 1
0,9561066 1
0,9659317 1
0,9931307 1
0,9942324 1
0,9965968 1
0,9619685 1
0,9950382 1
0,993376 1
0,9891564 1
0,9660035 1
0,9860986 1
0,9894212 1
0,9922832 1
0,963103 1
0,9926538 1
0,9939434 1
0,9936341 1
0,984503 1
0,9929819 1
0,9946523 1
0,9941462 1
0,9707139 1
0,9937974 1
0,9937485 1
0,9949446 1
0,5767588 0
0,976126 1
0,9855096 1
0,9882908 1
0,8474936 1
0,9921195 1
0,9937991 1
0,9943328 1
0,9797294 1
0,9952208 1
0,9924653 1
0,9930637 1
0,9628933 1
0,992208 1
0,9916115 1
0,9934056 1
0,9856492 1
0,9947895 1
0,9925848 1
0,9962338 1
0,9159915 1
0,9947678 1
0,996006 1
0,9965424 1
0,9844676 1
0,9598862 1
0,9910426 1
0,9945248 1
0,9622638 1
0,9946051 1
0,9963627 1
0,9972298 1
0,9898 1
0,9930328 1
0,9892336 1
0,9884439 1
0,9193125 1
0,9883922 1
0,9896505 1
0,9883353 1
0,9782416 1
0,9792118 1
0,9738942 1
0,9732326 1
0,8931935 1
0,981764 1
0,9774745 1
0,9827691 1
0,8764842 1
0,9899222 1
0,9617751 1
0,9806602 1
0,9456577 1
0,9877509 1
0,9854497 1
0,9889677 1
0,9749455 1
0,9842736 1
0,9877541 1
0,9905798 1
0,9578893 1
0,9886608 1
0,9885122 1
0,9910013 1
0,9352357 1
0,9931187 1
0,992116 1
0,9902349 1
0,9348465 1
0,990895 1
0,991704 1
0,9919554 1
0,9695148 1
0,9932238 1
0,9934396 1
0,9598925 1
0,9805328 1
0,9905951 1
0,9914995 1
0,9908643 1
0,9123432 1
0,9904869 1
0,5756069 0
0,982809 1
0,9484828 1
0,9859492 1
0,9899523 1
0,992977 1
0,9606294 1
0,9924533 1
0,9938835 1
0,9941267 1
0,9899665 1
0,9910279 1
0,9936382 1
0,9951539 1
0,9673582 1
0,9936712 1
0,9954537 1
0,99503 1
0,9380807 1
0,9935411 1
0,993022 1
0,9926376 1
0,9427937 1
0,9957374 1
0,9951262 1
0,994485 1
0,9711981 1
0,9959545 1
0,9903675 1
0,9947534 1
0,9641798 1
0,9950128 1
0,9930569 1
0,9943017 1
0,988277 1
0,9962356 1
0,9923997 1
0,9941956 1
0,9548784 1
0,9942732 1
0,9947025 1
0,9958894 1
0,9706104 1
0,956058 1
0,9927793 1
0,9948561 1
0,9606727 1
0,9939582 1
0,9948645 1
0,9951355 1
0,989233 1
0,9966444 1
0,9962444 1
0,9925339 1
0,9536107 1
0,9934444 1
0,9955807 1
0,9949363 1
0,9890957 1
0,996208 1
0,995964 1
0,9927403 1
0,9695097 1
0,9953308 1
0,9962968 1
0,9957258 1
0,9688381 1
0,9957927 1
0,9595307 1
0,9946804 1
0,9544521 1
0,9952094 1
0,9952347 1
0,9974439 1
0,9724779 1
0,9948878 1
0,9949623 1
0,9957169 1
0,9645424 1
0,9961048 1
0,9973394 1
0,7592921 0
0,9599 1
0,9902013 1
0,9919881 1
0,9932259 1
0,961537 1
0,9924387 1
0,9945057 1
0,9940299 1
0,9684238 1
0,9942436 1
0,9929415 1
0,9550586 1
0,9828787 1
0,9919646 1
0,9921361 1
0,9931018 1
0,9660184 1
0,9970939 1
0,9958963 1
0,9955502 1
0,9802775 1
0,9899422 1
0,9931067 1
0,9944333 1
0,9700515 1
0,9914882 1
0,991753 1
0,9924701 1
0,9827271 1
0,9850821 1
0,991466 1
0,9875178 1
0,9654617 1
0,9907548 1
0,9900321 1
0,9888449 1
0,9386918 1
0,9910769 1
0,9935755 1
0,9909331 1
0,9410869 1
0,9942589 1
0,9951342 1
0,9953081 1
0,9883246 1
0,9948401 1
0,9905955 1
0,9912884 1
0,9663947 1
0,9909424 1
0,9912369 1
0,9899647 1
0,9791296 1
0,9916287 1
0,9890463 1
0,9913499 1
0,9672002 1
0,9921893 1
0,9938856 1
0,9937635 1
0,9793634 1
0,9636576 1
0,988278 1
0,9925954 1
0,9619287 1
0,9912246 1
0,9913989 1
0,9924826 1
0,9792087 1
0,9942745 1
0,993706 1
0,9931553 1
0,9684252 1
0,9954022 1
0,9926062 1
0,994756 1
0,9848837 1
0,9941756 1
0,9958792 1
0,5323367 0
0,9138184 1
0,9932925 1
0,9765775 1
0,9871593 1
0,9354529 1
0,9755651 1
0,982632 1
0,9906216 1
0,9178525 1
0,9948606 1
0,9966996 1
0,9966937 1
0,955867 1
0,9591869 1
0,9686272 1
0,9720207 1
0,9044306 1
0,9914372 1
0,9524299 1
0,9474839 1
0,9686773 1
0,9859735 1
0,9587446 1
0,9803247 1
0,901628 1
0,9929948 1
0,9915735 1
0,9965595 1
0,9469419 1
0,9959325 1
0,9971826 1
0,9960087 1
0,9705524 1
0,9956229 1
0,9969311 1
0,9745726 1
0,9587976 1
0,9932045 1
0,9516949 1
0,99212 1
0,9805999 1
0,992358 1
0,9964178 1
0,9928114 1
0,9684463 1
0,9966621 1
0,9964398 1
0,9802487 1
0,9802115 1
0,9518949 1
0,986936 1
0,9926977 1
0,9093139 1
0,9528669 1
0,9678187 1
0,9774343 1
0,9442013 1
0,9820898 1
0,9859281 1
0,9346011 1
0,8960169 1
0,9676225 1
0,9849172 1
0,9911627 1
0,9601537 1
0,9915262 1
0,9903786 1
0,5669022 0
0,9517726 1
0,994816 1
0,9958279 1
0,996233 1
0,9824818 1
0,9940236 1
0,9889643 1
0,9946788 1
0,9562171 1
0,9956768 1
0,9959251 1
0,9944031 1
0,9900898 1
0,9962193 1
0,9921046 1
0,9951411 1
0,9689696 1
0,9953161 1
0,9946958 1
0,9945033 1
0,9665804 1
0,9945349 1
0,9936884 1
0,9906628 1
0,9341553 1
0,9962998 1
0,9957208 1
0,9967235 1
0,9895844 1
0,9958584 1
0,9954691 1
0,9944807 1
0,9652072 1
0,5773587 0
0,935448 1
0,9894657 1
0,95309 1
0,9953705 1
0,9960893 1
0,9881608 1
0,9570739 1
0,996602 1
0,9968818 1
0,9975063 1
0,9755211 1
0,9977953 1
0,9842252 1
0,9576179 1
0,9315454 1
0,9502984 1
0,9598169 1
0,9719554 1
0,8999972 1
0,9954512 1
0,9961066 1
0,9965885 1
0,9638373 1
0,995664 1
0,993746 1
0,9735584 1
0,9468763 1
0,9874051 1
0,9917973 1
0,9942392 1
0,9780133 1
0,9802192 1
0,9347636 1
0,9740143 1
0,9712355 1
0,9927327 1
0,9871009 1
0,975193 1
0,9240302 1
0,9845157 1
0,9533483 1
0,9719468 1
0,9147636 1
0,9795635 1
0,5689299 0
0,9845935 1
0,9542221 1
0,9886978 1
0,9918674 1
0,9941128 1
0,9672142 1
0,99367 1
0,9949575 1
0,9949168 1
0,9709428 1
0,988328 1
0,9870515 1
0,9901497 1
0,9642593 1
0,9881519 1
0,9881923 1
0,9877396 1
0,9726179 1
0,9840693 1
0,9829385 1
0,959575 1
0,9500499 1
0,977478 1
0,9826089 1
0,9846162 1
0,9658373 1
0,9884233 1
0,9893966 1
0,9893862 1
0,960878 1
0,9910831 1
0,9926978 1
0,9941464 1
0,9797477 1
0,9930611 1
0,9903842 1
0,9940878 1
0,9749432 1
0,9933506 1
0,9938349 1
0,9931117 1
0,9819317 1
0,9946312 1
0,9945788 1
0,9931647 1
0,9512382 1
0,9919088 1
0,9905708 1
0,9913119 1
0,9768833 1
0,9911976 1
0,9936371 1
0,9911347 1
0,9717253 1
0,9938456 1
0,9950915 1
0,9936365 1
0,9832258 1
0,9945649 1
0,9952387 1
0,9940166 1
0,9736335 1
0,9954227 1
0,9932359 1
0,9943762 1
0,725556 0
0,9850596 1
0,9865157 1
0,9922211 1
0,9419885 1
0,9924653 1
0,9944095 1
0,9939568 1
0,9737902 1
0,993214 1
0,9959605 1
0,9947199 1
0,9725959 1
0,991385 1
0,993315 1
0,9927915 1
0,9642783 1
0,9933637 1
0,9955839 1
0,9961635 1
0,9733129 1
0,9915907 1
0,9945372 1
0,9941348 1
0,9696812 1
0,9572127 1
0,9934413 1
0,9941127 1
0,9638774 1
0,990694 1
0,9934714 1
0,993461 1
0,9624001 1
0,9913369 1
0,9928848 1
0,9948543 1
0,9882758 1
0,9905079 1
0,9900239 1
0,9925787 1
0,9686771 1
0,9933745 1
0,9944932 1
0,9922511 1
0,9856779 1
0,9889317 1
0,9887808 1
0,9905083 1
0,9687128 1
0,9924627 1
0,9624193 1
0,9918139 1
0,9820073 1
0,9920113 1
0,9885835 1
0,9918181 1
0,9633433 1
0,990491 1
0,990451 1
0,9916829 1
0,9780439 1
0,9926726 1
0,9905671 1
0,9937097 1
0,9686261 1
0,9897902 1
0,9891022 1
0,9887415 1
0,9630243 1
0,9901222 1
0,9880261 1
0,9902159 1
0,9665096 1
0,9923757 1
0,990594 1
0,9536796 1
0,9738361 1
0,8955969 1
0,7855483 0
0,6507981 0
0,8683114 1
0,9928222 1
0,9959989 1
0,9973248 1
0,9419057 1
0,9957119 1
0,9973167 1
0,9954904 1
0,9574628 1
0,9965331 1
0,997254 1
0,9970176 1
0,9934264 1
0,9967546 1
0,9973651 1
0,9961776 1
0,9843687 1
0,9963614 1
0,9964352 1
0,9984168 1
0,9397891 1
0,9966425 1
0,9949304 1
0,99692 1
0,9476032 1
0,9954172 1
0,9972643 1
0,9976378 1
0,9959396 1
0,9964164 1
0,9966159 1
0,9963105 1
0,9915323 1
0,9971867 1
0,9973041 1
0,9963149 1
0,9745478 1
0,9977812 1
0,9976678 1
0,9990072 1
0,9947169 1
0,996111 1
0,9979276 1
0,9979415 1
0,9737167 1
0,969017 1
0,9977265 1
0,9981702 1
0,9986658 1
0,997602 1
0,9979517 1
0,9984971 1
0,9893593 1
0,9980034 1
0,998005 1
0,9982858 1
0,7088646 0
0,678166 0
0,8621587 1
0,9365375 1
0,9283037 1
0,9914258 1
0,9929329 1
0,991462 1
0,9788973 1
0,9888021 1
0,9950872 1
0,993181 1
0,9842902 1
0,9946833 1
0,9622508 1
0,9952716 1
0,9907747 1
0,9950786 1
0,9917163 1
0,9937698 1
0,9867846 1
0,9938132 1
0,9929724 1
0,993751 1
0,9905665 1
0,9950955 1
0,9910935 1
0,9947676 1
0,9851605 1
0,9938269 1
0,9945082 1
0,9946858 1
0,9926262 1
0,9942514 1
0,9933795 1
0,9945465 1
0,9876718 1
0,9952084 1
0,9947688 1
0,9795231 1
0,9885485 1
0,9943038 1
0,9937721 1
0,9924607 1
0,9849522 1
0,9956005 1
0,9956456 1
0,99428 1
0,9925662 1
0,9962566 1
0,9957243 1
0,9939288 1
0,9878921 1
0,9956838 1
0,9949774 1
0,9957573 1
0,9913733 1
0,9970268 1
0,995885 1
0,9935301 1
0,9895294 1
0,9947833 1
0,9969714 1
0,9973852 1
0,9826877 1
0,9991077 1
0,9987541 1
0,999299 1
0,9830752 1
0,9985161 1
0,9978786 1
0,9977714 1
0,9976185 1
0,8995816 1
0,9510293 1
0,8946303 1
0,7956871 0
0,8061391 0
0,9771018 1
0,9884433 1
0,9248933 1
0,9970479 1
0,997219 1
0,9959246 1
0,9728871 1
0,9976395 1
0,9962795 1
0,997105 1
0,9636602 1
0,7809603 0
0,9987008 1
0,9980944 1
0,9972839 1
0,9979415 1
0,9988816 1
0,9986848 1
0,9963663 1
0,998508 1
0,9991331 1
0,9990892 1
0,9979991 1
0,9981 1
0,9991208 1
0,9984815 1
0,9968698 1
0,9987096 1
0,9986012 1
0,9987519 1
0,9981558 1
0,9976824 1
0,9990199 1
0,9990723 1
0,998342 1
0,9986911 1
0,9899156 1
0,9988838 1
0,9980592 1
0,998317 1
0,9977415 1
0,9980288 1
0,9970165 1
0,9982392 1
0,9983534 1
0,9976753 1
0,9980733 1
0,9987993 1
0,9975782 1
0,9971542 1
0,9955835 1
0,9946176 1
0,9929571 1
0,9980931 1
0,9965631 1
0,998372 1
0,9981611 1
0,9988766 1
0,9985053 1
0,9990162 1
0,9990972 1
0,9903711 1
0,9980953 1
0,9995033 1
0,999307 1
0,9992611 1
0,9970804 1
0,9989425 1
0,9989421 1
0,9993268 1
0,9948412 1
0,8243771 0
0,8358755 1
0,8534449 1
0,8908065 1
0,9628084 1
0,9779662 1
0,9840775 1
0,958035 1
0,987676 1
0,989041 1
0,9820251 1
0,9680139 1
0,989862 1
0,9882094 1
0,9907235 1
0,9555498 1
0,9912588 1
0,9891303 1
0,9907494 1
0,9757008 1
0,9899105 1
0,9919 1
0,9923164 1
0,9833212 1
0,9896528 1
0,993468 1
0,9926378 1
0,9832851 1
0,9918005 1
0,9926075 1
0,9899945 1
0,982865 1
0,9903538 1
0,9908742 1
0,9896515 1
0,9834704 1
0,9891041 1
0,9898123 1
0,9906228 1
0,984534 1
0,9718944 1
0,9915615 1
0,9921476 1
0,9846761 1
0,9886303 1
0,9913118 1
0,9937437 1
0,9825526 1
0,992321 1
0,9949346 1
0,9914578 1
0,9878165 1
0,9898216 1
0,9938077 1
0,9928976 1
0,9834352 1
0,9941874 1
0,992358 1
0,9938681 1
0,9892464 1
0,9893946 1
0,9971195 1
0,9935551 1
0,9826649 1
0,9970676 1
0,969615 1
0,9991528 1
0,9930588 1
0,9999624 1
0,9918129 1
0,9994233 1
0,9880385 1
0,9995769 1
0,9990125 1
0,995479 1
0,9443352 1
0,9343035 1
0,8467465 1
0,8543063 1
0,9178833 1
0,9953797 1
0,9949123 1
0,9971386 1
0,9535768 1
0,9971728 1
0,9956474 1
0,9971714 1
0,9619116 1
0,9979949 1
0,9988273 1
0,8996912 1
0,9987458 1
0,9995075 1
0,9987162 1
0,9987171 1
0,9985431 1
0,9988338 1
0,998841 1
0,9987351 1
0,9986511 1
0,9989085 1
0,9991355 1
0,998534 1
0,9973415 1
0,9991303 1
0,9985047 1
0,9987251 1
0,9983017 1
0,9987653 1
0,9984108 1
0,9984637 1
0,9979316 1
0,9984079 1
0,9988271 1
0,998574 1
0,9956445 1
0,9987417 1
0,9991788 1
0,9988693 1
0,997006 1
0,9992217 1
0,9997714 1
0,99924 1
0,9993787 1
0,9992216 1
0,9994059 1
0,9995941 1
0,9986721 1
0,9989962 1
0,9992108 1
0,9992407 1
0,9977604 1
0,9971685 1
0,9993368 1
0,9993348 1
0,9981409 1
0,9984207 1
0,9982178 1
0,9985837 1
0,9979782 1
0,9955809 1
0,9996204 1
0,9990199 1
0,9991559 1
0,9987379 1
0,9991766 1
0,9993047 1
0,9993992 1
0,9996197 1
0,9994794 1
0,9231486 1
0,9139448 1
0,8863794 1
0,9183119 1
0,9559065 1
0,9415656 1
0,9852413 1
0,9875377 1
0,9886124 1
0,9717543 1
0,9846671 1
0,9887312 1
0,9843074 1
0,9708065 1
0,9889836 1
0,9594924 1
0,99024 1
0,9762688 1
0,9922034 1
0,9881389 1
0,9915766 1
0,9728832 1
0,9915569 1
0,9890113 1
0,9898307 1
0,9851213 1
0,9913687 1
0,9890456 1
0,9918414 1
0,9768121 1
0,9892268 1
0,991003 1
0,9924095 1
0,9859378 1
0,9904684 1
0,9905617 1
0,993069 1
0,9746543 1
0,9921736 1
0,9928718 1
0,9599992 1
0,9779902 1
0,9914809 1
0,9949198 1
0,9877717 1
0,9732236 1
0,9900849 1
0,9918113 1
0,9915255 1
0,9848376 1
0,9934052 1
0,9937859 1
0,9899868 1
0,9771266 1
0,9915591 1
0,9923182 1
0,9902969 1
0,9878682 1
0,9939747 1
0,9928552 1
0,9920166 1
0,9786013 1
0,9932776 1
0,9920974 1
0,9955051 1
0,9695155 1
0,9990401 1
0,9991174 1
0,9995944 1
0,9728207 1
0,9971039 1
0,9986382 1
0,9988239 1
0,9988607 1
0,9995235 1
0,9997497 1
0,9992673 1
0,9989322 1
0,9994807 1
0,9998009 1
0,99989 1
0,9958225 1
0,978466 1
0,9689438 1
0,9665833 1
0,9036363 1
0,995602 1
0,9871265 1
0,9971224 1
0,9718774 1
0,8082417 0
0,998825 1
0,9987612 1
0,9925963 1
0,9983963 1
0,9989744 1
0,9987921 1
0,9926245 1
0,9987571 1
0,9988886 1
0,9986542 1
0,9980968 1
0,9986679 1
0,9993668 1
0,9991738 1
0,9984847 1
0,998789 1
0,999541 1
0,9992094 1
0,9985214 1
0,9985777 1
0,9991888 1
0,99903 1
0,998095 1
0,9984317 1
0,9919171 1
0,9992618 1
0,9974965 1
0,9979858 1
0,9988447 1
0,9988205 1
0,9979976 1
0,9994529 1
0,9987044 1
0,999266 1
0,9983661 1
0,9989819 1
0,9985876 1
0,9990899 1
0,997668 1
0,9991475 1
0,999035 1
0,9992528 1
0,9980695 1
0,999155 1
0,9990912 1
0,9991824 1
0,9979631 1
0,9991813 1
0,9991674 1
0,9800082 1
0,9987328 1
0,9993535 1
0,9995446 1
0,9986515 1
0,9980594 1
0,9990174 1
0,9997368 1
0,9996978 1
0,9981697 1
0,9993534 1
0,9990434 1
0,9990046 1
0,9980923 1
0,9993239 1
0,999182 1
0,9987574 1
0,9986103 1
0,9993984 1
0,9994103 1
0,9988355 1
0,9983532 1
0,9989128 1
0,9123575 1
0,8188155 0
0,7836497 0
0,9324936 1
0,9298462 1
0,956302 1
0,9132386 1
0,9752353 1
0,9807252 1
0,9807394 1
0,9638362 1
0,9802307 1
0,9823976 1
0,9819247 1
0,9711063 1
0,9821225 1
0,9820001 1
0,9818513 1
0,969699 1
0,9824218 1
0,9818403 1
0,9832481 1
0,9752981 1
0,9830472 1
0,9816463 1
0,9846011 1
0,9715285 1
0,9610371 1
0,9811273 1
0,9815002 1
0,9698327 1
0,9786923 1
0,9809676 1
0,9805028 1
0,9692801 1
0,9828528 1
0,9815616 1
0,9809469 1
0,973582 1
0,9822944 1
0,9823106 1
0,9830955 1
0,9722841 1
0,9824159 1
0,9820912 1
0,9848288 1
0,9768943 1
0,9811019 1
0,9848219 1
0,9846213 1
0,9725078 1
0,9826434 1
0,9630404 1
0,9830416 1
0,9709896 1
0,985478 1
0,9787998 1
0,9818996 1
0,9684719 1
0,9856328 1
0,9844255 1
0,9859276 1
0,9747998 1
0,9887565 1
0,9834382 1
0,9953823 1
0,9696346 1
0,9977692 1
0,9976647 1
0,99895 1
0,991912 1
0,9993799 1
0,9978797 1
0,998982 1
0,9841546 1
0,9987757 1
0,9993035 1
0,5208058 0
0,981406 1
0,9876647 1
0,9878295 1
0,9865529 1
0,9759081 1
0,9882963 1
0,9863635 1
0,9876142 1
0,9790931 1
0,9875077 1
0,9882682 1
0,9862888 1
0,9747615 1
0,9859437 1
0,985282 1
0,9851463 1
0,9777918 1
0,9873262 1
0,9838188 1
0,9846032 1
0,970985 1
0,9862925 1
0,9880435 1
0,9887866 1
0,9665033 1
0,9864891 1
0,9889908 1
0,9892307 1
0,9763413 1
0,9854498 1
0,9890246 1
0,9900622 1
0,983466 1
0,9879531 1
0,9905547 1
0,9895186 1
0,9834115 1
0,9907827 1
0,989347 1
0,9883941 1
0,9819494 1
0,9902424 1
0,9899027 1
0,9881715 1
0,9838116 1
0,9915375 1
0,9889936 1
0,9897181 1
0,9801733 1
0,9667735 1
0,9901866 1
0,9882629 1
0,9841111 1
0,9885566 1
0,988767 1
0,9915034 1
0,9780268 1
0,9891525 1
0,9923437 1
0,9942448 1
0,9847205 1
0,9912457 1
0,9946364 1
0,9978902 1
0,9825913 1
0,9981921 1
0,9982548 1
0,998867 1
0,9964404 1
0,9974614 1
0,9983039 1
0,9987959 1
0,9892321 1
0,9994061 1
0,9720571 1
0,9989926 1
0,9991929 1
0,9604213 1
0,9400365 1
0,9212449 1
0,8513149 1
0,9239296 1
0,9802811 1
0,9838507 1
0,96072 1
0,9883955 1
0,9861997 1
0,9894655 1
0,9771954 1
0,9889194 1
0,9896065 1
0,9914775 1
0,9856457 1
0,9899099 1
0,9886394 1
0,9900934 1
0,9783679 1
0,9881882 1
0,9896737 1
0,9588083 1
0,9807148 1
0,9886907 1
0,9897785 1
0,987615 1
0,9774008 1
0,9890665 1
0,9888722 1
0,9891753 1
0,9818047 1
0,9928793 1
0,9909072 1
0,9902184 1
0,716456 0
0,8229437 0
0,888442 1
0,9389029 1
0,9269517 1
0,978703 1
0,9807147 1
0,9788238 1
0,9555102 1
0,9948515 1
0,9935045 1
0,9947857 1
0,9457451 1
0,9967843 1
0,9965512 1
0,9965003 1
0,9712581 1
0,9939331 1
0,9967186 1
0,9969116 1
0,9924644 1
0,997042 1
0,997323 1
0,998359 1
0,9924093 1
0,9975934 1
0,9965475 1
0,9972402 1
0,9895246 1
0,5298839 0
0,9791352 1
0,9830112 1
0,9264565 1
0,9897977 1
0,9926643 1
0,9933813 1
0,9575214 1
0,9913666 1
0,9911719 1
0,9915692 1
0,9777611 1
0,9876816 1
0,9917413 1
0,9924183 1
0,9577742 1
0,9917505 1
0,9917857 1
0,9933919 1
0,979291 1
0,9900561 1
0,9922655 1
0,9927486 1
0,9698017 1
0,99319 1
0,9633255 1
0,9909349 1
0,982649 1
0,9920064 1
0,9926521 1
0,9907032 1
0,9641767 1
0,9939778 1
0,9932762 1
0,9927299 1
0,8889521 1
0,9904783 1
0,9896621 1
0,9885368 1
0,9025702 1
0,9907426 1
0,9912088 1
0,9911832 1
0,9186804 1
0,9875057 1
0,9896301 1
0,9910589 1
0,9638219 1
0,9900393 1
0,9913968 1
0,9645433 1
0,9800472 1
0,9921546 1
0,9916997 1
0,993647 1
0,9603056 1
0,993022 1
0,9920651 1
0,9927841 1
0,9873667 1
0,9934039 1
0,994265 1
0,9935725 1
0,974314 1
0,9872419 1
0,9921831 1
0,4848366 0
0,9540408 1
0,993439 1
0,9943107 1
0,9894497 1
0,9706739 1
0,9957618 1
0,9965828 1
0,9932622 1
0,9844902 1
0,9928758 1
0,9948202 1
0,9923247 1
0,9712554 1
0,9941292 1
0,995411 1
0,9960953 1
0,9771768 1
0,9941294 1
0,9946153 1
0,9955739 1
0,9778625 1
0,9955389 1
0,9954466 1
0,996504 1
0,962847 1
0,762383 0
0,9929693 1
0,9937744 1
0,9639103 1
0,9959403 1
0,99731 1
0,996787 1
0,9875408 1
0,991669 1
0,9973735 1
0,9969653 1
0,9720829 1
0,9951346 1
0,9949085 1
0,9944646 1
0,9718834 1
0,9938115 1
0,9954065 1
0,9961371 1
0,971076 1
0,9946644 1
0,9959543 1
0,9969411 1
0,9907637 1
0,9637513 1
0,994945 1
0,9957099 1
0,963261 1
0,9954379 1
0,9958917 1
0,9963392 1
0,9769281 1
0,9956645 1
0,9965559 1
0,9959934 1
0,974916 1
0,9966269 1
0,9971139 1
0,9981738 1
0,9845613 1
0,9974146 1
0,9961886 1
0,9974357 1
0,9782654 1
0,9977009 1
0,9974425 1
0,9959552 1
0,97424 1
0,9953578 1
0,9611342 1
0,9937952 1
0,961996 1
0,9955145 1
0,9962868 1
0,9967927 1
0,9717994 1
0,9947045 1
0,9961271 1
0,9955081 1
0,9729501 1
0,9965661 1
0,9964109 1
0,9970389 1
0,9754356 1
0,9956563 1
0,9959191 1
0,9944149 1
0,9722049 1
0,9963554 1
0,9970519 1
0,9971392 1
0,9734472 1
0,9970587 1
0,9978729 1
0,9618965 1
0,9735973 1
0,9950799 1
0,9970247 1
0,9969251 1
0,9702066 1
0,9953752 1
0,995957 1
0,9961313 1
0,990368 1
0,9955296 1
0,9963753 1
0,996545 1
0,9772806 1
0,997526 1
0,9970424 1
0,997212 1
0,9895936 1
0,9952846 1
0,9970077 1
0,9966424 1
0,9727091 1
0,9967868 1
0,9967591 1
0,9970576 1
0,9619204 1
0,9973254 1
0,9963865 1
0,9958513 1
0,9723774 1
0,9957942 1
0,9967033 1
0,9971557 1
0,9918789 1
0,996191 1
0,9966259 1
0,996534 1
0,9669325 1
0,9965788 1
0,9966102 1
0,9972114 1
0,9753339 1
0,9944767 1
0,9955288 1
0,9957659 1
0,9692244 1
0,9933918 1
0,9934238 1
0,9955888 1
0,9823733 1
0,9618558 1
0,994286 1
0,9958339 1
0,9748678 1
0,9945979 1
0,9938363 1
0,9944829 1
0,9906476 1
0,6629069 0
0,9902444 1
0,9920878 1
0,9568664 1
0,9921597 1
0,9920037 1
0,9931768 1
0,9815444 1
0,9935302 1
0,9924705 1
0,9931026 1
0,9715337 1
0,9942187 1
0,9938465 1
0,9950127 1
0,9886178 1
0,9926864 1
0,9926728 1
0,9944868 1
0,9766917 1
0,9956408 1
0,9913843 1
0,989648 1
0,9829696 1
0,9913465 1
0,961542 1
0,9857332 1
0,9703729 1
0,9929222 1
0,9932208 1
0,9933509 1
0,9816458 1
0,9941269 1
0,9957507 1
0,9928619 1
0,9580123 1
0,9853491 1
0,991602 1
0,9919897 1
0,9869404 1
0,9929248 1
0,9920149 1
0,9921186 1
0,9692753 1
0,9924844 1
0,9939919 1
0,9935516 1
0,9765254 1
0,9949983 1
0,9953028 1
0,7249184 0
0,957455 1
0,9941173 1
0,9935488 1
0,9943973 1
0,9621609 1
0,9941451 1
0,994925 1
0,9973618 1
0,9709749 1
0,99475 1
0,9961061 1
0,9955165 1
0,9818323 1
0,9954064 1
0,9944816 1
0,9951122 1
0,9888033 1
0,9953353 1
0,996703 1
0,9974476 1
0,9747443 1
0,995601 1
0,996286 1
0,9949574 1
0,9408134 1
0,995544 1
0,9949301 1
0,9948863 1
0,9720212 1
0,9926568 1
0,9921698 1
0,9944699 1
0,9656181 1
0,993143 1
0,9945045 1
0,9961724 1
0,9773176 1
0,9944949 1
0,994906 1
0,9945843 1
0,9875209 1
0,9935157 1
0,9956165 1
0,9958518 1
0,9785772 1
0,995627 1
0,9972869 1
0,9977422 1
0,9909061 1
0,966222 1
0,9976562 1
0,9978782 1
0,9716352 1
0,9938882 1
0,9954789 1
0,9947401 1
0,9886108 1
0,9931582 1
0,9921383 1
0,9946576 1
0,9729911 1
0,9922556 1
0,9933432 1
0,9939303 1
0,9860551 1
0,9942372 1
0,9904589 1
0,9934955 1
0,9720935 1
0,9946243 1
0,9956506 1
0,99488 1
0,9887188 1
0,9959614 1
0,9679294 1
0,9953621 1
0,9714536 1
0,9962481 1
0,9970675 1
0,9966406 1
0,9897435 1
0,9954356 1
0,995553 1
0,9937355 1
0,9792075 1
0,9973695 1
0,9962104 1
0,9967784 1
0,5862409 0
0,9819926 1
0,9876602 1
0,9887561 1
0,9599203 1
0,9920613 1
0,9948081 1
0,994332 1
0,9868595 1
0,9931209 1
0,9903674 1
0,9850991 1
0,9464703 1
0,9773683 1
0,9814445 1
0,9634845 1
0,9356124 1
0,9645938 1
0,970941 1
0,9862621 1
0,9613092 1
0,9917688 1
0,9920193 1
0,996033 1
0,9617671 1
0,9651563 1
0,9903533 1
0,9889137 1
0,9656606 1
0,9889637 1
0,9874781 1
0,9883498 1
0,9824508 1
0,99188 1
0,9925452 1
0,9932334 1
0,9674624 1
0,9923759 1
0,9887625 1
0,990899 1
0,9678475 1
0,9620662 1
0,9771793 1
0,9937387 1
0,9476909 1
0,9955993 1
0,9969121 1
0,9961696 1
0,9748459 1
0,9951555 1
0,9603797 1
0,9902008 1
0,9576798 1
0,993745 1
0,9955857 1
0,996255 1
0,9700897 1
0,9468287 1
0,9728898 1
0,9607635 1
0,9189518 1
0,9925026 1
0,9751065 1
0,9713386 1
0,9203074 1
0,9926277 1
0,9824319 1
0,9826235 1
0,9668769 1
0,9870164 1
0,983659 1
0,9878147 1
0,9246688 1
0,9902706 1
0,9868138 1
0,9598836 1
0,9612525 1
0,9924627 1
0,9940009 1
0,9960574 1
0,9833766 1
0,9915164 1
0,9930286 1
0,9949675 1
0,9716253 1
0,9890924 1
0,9941272 1
0,9956908 1
0,5709559 0
0,7942607 0
0,9852675 1
0,9907517 1
0,9615952 1
0,9914142 1
0,993567 1
0,9944081 1
0,9616969 1
0,9947512 1
0,994773 1
0,9949198 1
0,9889771 1
0,9940957 1
0,9938303 1
0,9920599 1
0,9678612 1
0,9925061 1
0,9944767 1
0,9934224 1
0,9747766 1
0,9931499 1
0,9938185 1
0,9923944 1
0,9660631 1
0,9560568 1
0,9919051 1
0,9932384 1
0,9867081 1
0,9909213 1
0,9946892 1
0,9938317 1
0,9534252 1
0,993562 1
0,9930503 1
0,9937782 1
0,9871296 1
0,9925193 1
0,9939534 1
0,9945566 1
0,9753492 1
0,9941013 1
0,9959224 1
0,9949995 1
0,9741027 1
0,9938558 1
0,9913573 1
0,9931131 1
0,974037 1
0,9945357 1
0,9659591 1
0,9939606 1
0,9622485 1
0,9936569 1
0,9886209 1
0,9928578 1
0,9652845 1
0,9948318 1
0,9956992 1
0,9952815 1
0,9720348 1
0,9901859 1
0,9928362 1
0,9948636 1
0,9761572 1
0,9934545 1
0,9946657 1
0,9958473 1
0,9899064 1
0,9951167 1
0,9970305 1
0,993871 1
0,9768851 1
0,9957746 1
0,9956018 1
0,9640307 1
0,980629 1
0,9926289 1
0,9933246 1
0,9916474 1
0,9744573 1
0,9936532 1
0,9951767 1
0,9944218 1
0,9895976 1
0,9939023 1
0,9927239 1
0,9927673 1
0,97585 1
0,9928719 1
0,9937369 1
0,9949196 1
0,9885722 1
0,9939702 1
0,9948639 1
0,9946904 1
0,9782455 1
0,9952203 1
0,9957985 1
0,7306328 0
0,953539 1
0,9905727 1
0,9913778 1
0,9923539 1
0,9637576 1
0,9933567 1
0,9953038 1
0,9953 1
0,974764 1
0,9965098 1
0,9964716 1
0,9968818 1
0,9957041 1
0,4923772 0
0,9895483 1
0,989989 1
0,9588218 1
0,9872702 1
0,9916166 1
0,9905424 1
0,9046996 1
0,9892124 1
0,9921529 1
0,9921596 1
0,9644892 1
0,9927796 1
0,9922881 1
0,9909076 1
0,9888169 1
0,9913678 1
0,9904004 1
0,99074 1
0,9737114 1
0,9918253 1
0,9941083 1
0,9938889 1
0,986391 1
0,9914173 1
0,9642226 1
0,9911563 1
0,9737192 1
0,9913532 1
0,9908158 1
0,9910405 1
0,983394 1
0,9918028 1
0,989627 1
0,9910939 1
0,9732188 1
0,9888068 1
0,9897847 1
0,9917808 1
0,9849184 1
0,9907532 1
0,9888439 1
0,990559 1
0,9721565 1
0,9917194 1
0,9925284 1
0,9911141 1
0,9841731 1
0,9908308 1
0,9894705 1
0,9506665 1
0,8962519 1
0,9733334 1
0,9854617 1
0,9877857 1
0,9600596 1
0,9741841 1
0,9906142 1
0,9888667 1
0,8931602 1
0,9912068 1
0,9939055 1
0,9917164 1
0,9847341 1
0,9920854 1
0,9941028 1
0,9944232 1
0,9754667 1
0,992091 1
0,9927751 1
0,9935287 1
0,9850639 1
0,9952264 1
0,992664 1
0,9898119 1
0,8700175 1
0,9900666 1
0,9906328 1
0,9914022 1
0,8957736 1
0,9921653 1
0,9910746 1
0,9884242 1
0,9125834 1
0,9872029 1
0,9916004 1
0,9919587 1
0,9110268 1
0,9932336 1
0,9919057 1
0,988175 1
0,9113178 1
0,9863498 1
0,9880719 1
0,9925309 1
0,9041841 1
0,9894291 1
0,9906487 1
0,991725 1
0,984872 1
0,9612764 1
0,9854149 1
0,9783351 1
0,9176109 1
0,9847447 1
0,9893235 1
0,9905437 1
0,9779917 1
0,9882777 1
0,9887366 1
0,9880987 1
0,9091484 1
0,9917756 1
0,9932535 1
0,9934508 1
0,9872451 1
0,9909927 1
0,9917246 1
0,9916359 1
0,969524 1
0,9908058 1
0,9925387 1
0,9906284 1
0,9811314 1
0,9911721 1
0,9647202 1
0,9884402 1
0,9638348 1
0,9860758 1
0,9897811 1
0,992283 1
0,9840733 1
0,9922352 1
0,9891568 1
0,9914798 1
0,9689372 1
0,9896528 1
0,9902514 1
0,9913447 1
0,9879168 1
0,9938771 1
0,9917615 1
0,9925769 1
0,9686846 1
0,9891832 1
0,9905277 1
0,9916115 1
0,9867474 1
0,9916171 1
0,9905343 1
0,962326 1
0,9539535 1
0,9924236 1
0,9906477 1
0,9931492 1
0,9862195 1
0,9922165 1
0,991567 1
0,9896882 1
0,9819466 1
0,5235081 0
0,9898198 1
0,9938731 1
0,9634126 1
0,9953711 1
0,9944951 1
0,9918117 1
0,9703214 1
0,9950211 1
0,9959281 1
0,9959253 1
0,9897137 1
0,9952995 1
0,9960651 1
0,9949108 1
0,9654086 1
0,9941022 1
0,9947865 1
0,9948711 1
0,9868958 1
0,9953855 1
0,9956884 1
0,9966351 1
0,9765907 1
0,9945387 1
0,9585037 1
0,9962022 1
0,9926132 1
