0,9551901 1
0,9512712 1
0,9460114 1
0,9418874 1
0,9448628 1
0,9383415 1
0,9404352 1
0,9379147 1
0,9359212 1
0,9388922 1
0,9365297 1
0,9372926 1
0,9415109 1
0,9359415 1
0,9368708 1
0,9448893 1
0,9424924 1
0,9418829 1
0,940725 1
0,9420352 1
0,9347886 1
0,9329777 1
0,9403203 1
0,9399449 1
0,8551795 1
0,9436848 1
0,8582868 1
0,9493259 1
0,9395541 1
0,9400955 1
0,944566 1
0,9454333 1
0,945935 1
0,9435891 1
0,9534833 1
0,943984 1
0,944643 1
0,9469716 1
0,9280639 1
0,9295467 1
0,9390087 1
0,9385042 1
0,948627 1
0,9432205 1
0,9401889 1
0,9399288 1
0,9405685 1
0,9348099 1
0,9458971 1
0,5270414 0
0,8033094 1
0,9463794 1
0,9640117 1
0,8436537 1
0,9640661 1
0,9518933 1
0,9273625 1
0,9472847 1
0,9532511 1
0,9497623 1
0,9637526 1
0,9621959 1
0,9566132 1
0,9688287 1
0,9637384 1
0,9560102 1
0,9561346 1
0,9573468 1
0,9383485 1
0,9323049 1
0,9428012 1
0,9191502 1
0,949628 1
0,9617013 1
0,95784 1
0,9598632 1
0,9546137 1
0,9449287 1
0,912896 1
0,965723 1
0,9123248 1
0,9658059 1
0,9597625 1
0,9475689 1
0,9574893 1
0,960128 1
0,9585645 1
0,9599755 1
0,968574 1
0,9769507 1
0,2085282 0
0,9913855 1
0,9840237 1
0,9241268 1
0,965237 1
0,9792523 1
0,9920477 1
0,996367 1
0,9880809 1
0,6486132 0
0,9567163 1
0,9776775 1
0,9690241 1
0,9825671 1
0,9907691 1
0,9932884 1
0,9966748 1
0,893498 1
0,7838367 1
0,9801623 1
0,9723895 1
0,9794938 1
0,9542176 1
0,9530249 1
0,9797569 1
0,9838083 1
0,9761509 1
0,9845893 1
0,9918603 1
0,9834796 1
0,9927685 1
0,9911272 1
0,9943843 1
0,2481327 0
0,9234394 1
0,9251934 1
0,9312794 1
0,9367251 1
0,4435493 0
0,934291 1
0,9755417 1
0,9819604 1
0,9904819 1
0,9921228 1
0,8967162 1
0,9946582 1
0,9947245 1
0,9892691 1
0,9751687 1
0,9596109 1
0,9813897 1
0,9803343 1
0,9905239 1
0,9869711 1
0,9884697 1
0,9926444 1
0,9852541 1
0,9913999 1
0,9859701 1
0,1681845 0
0,9642704 1
0,933465 1
0,9115393 1
0,9392555 1
0,955477 1
0,9449588 1
0,9369556 1
0,9409078 1
0,9513496 1
0,9560163 1
0,9561883 1
0,8712119 1
0,9696094 1
0,9623241 1
0,9685546 1
0,9642643 1
0,9679609 1
0,9590813 1
0,9622954 1
0,9502979 1
0,9581668 1
0,9629122 1
0,9639651 1
0,967156 1
0,9750944 1
0,9676468 1
0,964465 1
0,9443243 1
0,9476101 1
0,9610603 1
0,7754864 1
0,9789832 1
0,9785119 1
0,6346922 0
0,6339681 0
0,9091567 1
0,8984098 1
0,9260364 1
0,4408994 0
0,9710784 1
0,9751133 1
0,9660729 1
0,9836429 1
0,9590883 1
0,9750327 1
0,9896193 1
0,9883947 1
0,9907577 1
0,9882743 1
0,9863971 1
0,9825143 1
0,9852127 1
0,9891968 1
0,9907079 1
0,9900005 1
0,992524 1
0,9872726 1
0,9907832 1
0,988703 1
0,9823939 1
0,9899276 1
0,9951632 1
0,9905292 1
0,9038655 1
0,9963348 1
0,8567814 1
0,9989888 1
0,9974966 1
0,9940956 1
0,9969048 1
0,9886903 1
0,9962674 1
0,9978579 1
0,9991621 1
0,9901286 1
0,2032667 0
0,9201168 1
0,9120774 1
0,901286 1
0,9426367 1
0,2573959 0
0,9236642 1
0,9245023 1
0,9289407 1
0,9071634 1
0,9109959 1
0,9031729 1
0,6228878 0
0,9439782 1
0,9418163 1
0,965999 1
0,9690166 1
0,815467 1
0,9729089 1
0,9637918 1
0,9738027 1
0,9628048 1
0,9635366 1
0,957451 1
0,9510697 1
0,9480425 1
0,6103101 0
0,9372442 1
0,9390069 1
0,9202592 1
0,925758 1
0,933751 1
0,9261103 1
0,9252713 1
0,9490793 1
0,9532136 1
0,9557641 1
0,9628957 1
0,9601474 1
0,8977075 1
0,4093623 0
0,762644 1
0,9063879 1
0,9191731 1
0,5713398 0
0,6046625 0
0,9311382 1
0,9385061 1
0,9227957 1
0,9376401 1
0,9260989 1
0,9468142 1
0,9447933 1
0,9555234 1
0,941454 1
0,9547788 1
0,7825513 1
0,9705521 1
0,97917 1
0,9752441 1
0,9788051 1
0,9737827 1
0,9746789 1
0,9789566 1
0,9676357 1
0,9580508 1
0,9558505 1
0,9619402 1
0,9708159 1
0,8449777 1
0,9816868 1
0,8440385 1
0,9804665 1
0,9746608 1
0,9699205 1
0,9735269 1
0,9644413 1
0,9742268 1
0,9670149 1
0,734349 0
0,870735 1
0,8468002 1
0,8520652 1
0,8513293 1
0,8754094 1
0,7725465 1
0,7274161 0
0,6104065 0
0,7249295 0
0,8276597 1
0,9131083 1
0,9043908 1
0,8948976 1
0,9074994 1
0,9056529 1
0,9180128 1
0,8576378 1
0,938709 1
0,8956667 1
0,9598049 1
0,9557138 1
0,9513922 1
0,9616396 1
0,9652315 1
0,9613103 1
0,9647084 1
0,9671783 1
0,9598904 1
0,9424714 1
0,9750578 1
0,5609126 0
0,5553869 0
0,9247949 1
0,9288614 1
0,9455734 1
0,9452192 1
0,9438772 1
0,94161 1
0,9503355 1
0,9413955 1
0,9420284 1
0,9417173 1
0,9405004 1
0,8898977 1
0,943064 1
0,896605 1
0,9415537 1
0,9348908 1
0,9420361 1
0,9304799 1
0,9336694 1
0,742905 0
0,560559 0
0,946272 1
0,9569998 1
0,9834808 1
0,957602 1
0,9824043 1
0,9819703 1
0,9873603 1
0,9887163 1
0,9851991 1
0,9640952 1
0,9771947 1
0,9871727 1
0,992326 1
0,9859833 1
0,9889325 1
0,982297 1
0,9812372 1
0,889855 1
0,9942412 1
0,9041113 1
0,973251 1
0,9783952 1
0,9688436 1
0,9747161 1
0,9625676 1
0,9703086 1
0,9830719 1
0,9798369 1
0,9626231 1
0,966728 1
0,970811 1
0,971365 1
0,9643162 1
0,9672829 1
0,9707686 1
0,9770925 1
0,9869893 1
0,9724411 1
0,981701 1
0,9779735 1
0,9743726 1
0,9813739 1
0,9252471 1
0,9731389 1
0,9018691 1
0,978389 1
0,8915455 1
0,9687156 1
0,9713228 1
0,9701951 1
0,9746435 1
0,9683602 1
0,9672084 1
0,9625179 1
0,9643306 1
0,961717 1
0,9804475 1
0,9718608 1
0,973733 1
0,9777728 1
0,9805087 1
0,9762575 1
0,9799011 1
0,9776951 1
0,9859288 1
0,3971438 0
0,9668748 1
0,9562811 1
0,9275092 1
0,8776122 1
0,9579437 1
0,9776827 1
0,9851398 1
0,8472037 1
0,979283 1
0,9619654 1
0,9633002 1
0,9604911 1
0,9577146 1
0,9539108 1
0,9585097 1
0,9608561 1
0,9590044 1
0,9636006 1
0,9664036 1
0,9589116 1
0,9670792 1
0,9616165 1
0,958258 1
0,9620041 1
0,972349 1
0,9640682 1
0,9686549 1
0,9731297 1
0,9713886 1
0,9731058 1
0,974396 1
0,9715627 1
0,9062971 1
0,9838963 1
0,8852189 1
0,981651 1
0,9740595 1
0,9705695 1
0,9746026 1
0,9624754 1
0,9622545 1
0,9601331 1
0,9755228 1
0,962472 1
0,980942 1
0,9680982 1
0,9692833 1
0,9798745 1
0,9795685 1
0,9837262 1
0,9663398 1
0,4398271 0
0,772556 1
0,9229189 1
0,9232795 1
0,9234108 1
0,9255836 1
0,9273536 1
0,9175875 1
0,921497 1
0,9296039 1
0,8348733 1
0,9471105 1
0,9311944 1
0,9321152 1
0,9304544 1
0,920657 1
0,9209217 1
0,9189749 1
0,917067 1
0,9160581 1
0,9193139 1
0,9138116 1
0,8976141 1
0,9153021 1
0,9180936 1
0,928673 1
0,9228479 1
0,9234129 1
0,9270378 1
0,9106464 1
0,9136449 1
0,920483 1
0,9214194 1
0,9122945 1
0,9207767 1
0,839532 1
0,9373689 1
0,8325183 1
0,9566569 1
0,5760233 0
0,7750703 1
0,9530995 1
0,9623378 1
0,9480773 1
0,9632116 1
0,967643 1
0,9654078 1
0,9615833 1
0,9632379 1
0,9621066 1
0,9575465 1
0,9692006 1
0,9679419 1
0,9652562 1
0,9641102 1
0,9581217 1
0,9620385 1
0,9639049 1
0,9528884 1
0,9606276 1
0,9486585 1
0,9548113 1
0,881296 1
0,9660563 1
0,8905352 1
0,9693907 1
0,9575022 1
0,9606003 1
0,9514539 1
0,9430766 1
0,9510623 1
0,9574132 1
0,9515464 1
0,9514477 1
0,9627227 1
0,9618617 1
0,9509936 1
0,9566717 1
0,9581289 1
0,9538886 1
0,9530194 1
0,9563211 1
0,9501816 1
0,9490277 1
0,9516225 1
0,9558173 1
0,9589846 1
0,9599594 1
0,9507705 1
0,8569552 1
0,9546695 1
0,8518645 1
0,9703405 1
0,9591414 1
0,9540415 1
0,9565922 1
0,9525121 1
0,9545153 1
0,9605497 1
0,9504399 1
0,9525838 1
0,9550004 1
0,9493161 1
0,9560679 1
0,9487244 1
0,9485176 1
0,9411126 1
0,9472127 1
0,9467567 1
0,9431872 1
0,9491392 1
0,9470271 1
0,9501843 1
0,9493285 1
0,9430689 1
0,9559466 1
0,8520743 1
0,9504321 1
0,8369567 1
0,9577445 1
0,9509644 1
0,9539852 1
0,9546633 1
0,9512664 1
0,9621357 1
0,960729 1
0,9507218 1
0,9410619 1
0,9444965 1
0,9485603 1
0,9470659 1
0,9451371 1
0,9490833 1
0,9550708 1
0,9605546 1
0,9570302 1
0,9684363 1
0,9615816 1
0,962725 1
0,9706767 1
0,9721278 1
0,97719 1
0,98461 1
0,5402617 0
0,9566481 1
0,8355798 1
0,9602135 1
0,9559919 1
0,9594219 1
0,960871 1
0,9456103 1
0,9477825 1
0,9493022 1
0,946935 1
0,9500028 1
0,9565186 1
0,951825 1
0,9541218 1
0,9515976 1
0,9489669 1
0,4388848 0
0,8386045 1
0,8400167 1
0,8264367 1
0,9096555 1
0,9234285 1
0,9028191 1
0,9291314 1
0,9014035 1
0,9296336 1
0,9323828 1
0,9322944 1
0,7943466 1
0,9384447 1
0,9089912 1
0,9254352 1
0,6622214 0
0,9556807 1
0,9541937 1
0,9630734 1
0,9696384 1
0,9696258 1
0,970241 1
0,9740869 1
0,9618795 1
0,8459035 1
0,655117 0
0,6157579 0
0,6465832 0
0,8446079 1
0,8652721 1
0,8533045 1
0,8344553 1
0,7278588 0
0,95567 1
0,9726828 1
0,9791414 1
0,4036142 0
0,8307459 1
0,7600613 1
0,9103801 1
0,7969778 1
0,819531 1
0,8249037 1
0,7920167 1
0,8532894 1
0,8153827 1
0,8314272 1
0,8305327 1
0,8346225 1
0,8810298 1
0,8418472 1
0,8322997 1
0,8199409 1
0,8499084 1
0,7777793 1
0,8269842 1
0,828649 1
0,8369505 1
0,6081615 0
0,9287399 1
0,9349841 1
0,9322154 1
0,9457154 1
0,9509838 1
0,9535205 1
0,8626925 1
0,9678231 1
0,9564242 1
0,9165707 1
0,9297186 1
0,8996094 1
0,8134109 1
0,6817024 0
0,6931979 0
0,753902 1
0,9072827 1
0,884663 1
0,9171602 1
0,9050826 1
0,9074222 1
0,9268664 1
0,9280614 1
0,9235849 1
0,9319336 1
0,9351674 1
0,9519752 1
0,9535139 1
0,954639 1
0,9629444 1
0,98667 1
0,9067903 1
0,9826308 1
0,9008139 1
0,9801512 1
0,9538577 1
0,9539462 1
0,9471853 1
0,9464419 1
0,9612902 1
0,9475586 1
0,9667183 1
0,9611859 1
0,8671638 1
0,4837044 0
0,1873155 0
0,4722863 0
0,8975523 1
0,8925663 1
0,889752 1
0,881175 1
0,902775 1
0,8869635 1
0,8819175 1
0,8915707 1
0,8627332 1
0,9065627 1
0,9039694 1
0,8943769 1
0,9046109 1
0,8239207 1
0,9384025 1
0,9174575 1
0,9141651 1
0,9290743 1
0,9208674 1
0,9297178 1
0,9190356 1
0,921418 1
0,924836 1
0,9151958 1
0,9184504 1
0,9119403 1
0,9053246 1
0,9068494 1
0,9190979 1
0,9255199 1
0,9188445 1
0,9084715 1
0,9341962 1
0,9419395 1
0,9116424 1
0,9155964 1
0,9304173 1
0,943232 1
0,71086 0
0,6620251 0
0,8060905 1
0,9743689 1
0,9431407 1
0,9489909 1
0,9648835 1
0,934496 1
0,957269 1
0,9686018 1
0,9496666 1
0,9167014 1
0,9193843 1
0,9583737 1
0,9553433 1
0,9566989 1
0,9543058 1
0,9507641 1
0,9527386 1
0,9400691 1
0,9058573 1
0,9474413 1
0,9597275 1
0,9596848 1
0,9632545 1
0,9666713 1
0,2524408 0
0,9678391 1
0,9594601 1
0,8741827 1
0,9535273 1
0,9715015 1
0,9473105 1
0,9622277 1
0,9757633 1
0,94648 1
0,9751574 1
0,9508577 1
0,9770006 1
0,9691694 1
0,9660498 1
0,9770177 1
0,9579886 1
0,9635541 1
0,9450326 1
0,6122862 0
0,9769593 1
0,9730776 1
0,956668 1
0,9527346 1
0,9721506 1
0,983207 1
0,9716709 1
0,9845375 1
0,8371051 1
0,987143 1
0,5384895 0
0,9566391 1
0,9337898 1
0,9493148 1
0,9667805 1
0,9712681 1
0,9719361 1
0,9753698 1
0,9759549 1
0,9717106 1
0,9427096 1
0,9641898 1
0,9757644 1
0,97758 1
0,9624777 1
0,9687061 1
0,9539023 1
0,9831009 1
0,9598795 1
0,9798532 1
0,9741198 1
0,9789339 1
0,9753116 1
0,9877344 1
0,9758866 1
0,8508815 1
0,9735479 1
0,8513782 1
0,9799395 1
0,9603493 1
0,9688905 1
0,971837 1
0,9645895 1
0,9500445 1
0,9760251 1
0,9604011 1
0,9521622 1
0,7094657 0
0,7172492 0
0,7281187 0
0,7620038 1
0,7355748 0
0,9775568 1
0,9851294 1
0,9804814 1
0,9867976 1
0,9852265 1
0,9918073 1
0,9899367 1
0,9867219 1
0,9883536 1
0,9903529 1
0,9902425 1
0,9909385 1
0,8993886 1
0,9867575 1
0,9806486 1
0,9849951 1
0,9774646 1
0,9806073 1
0,9774165 1
0,9833191 1
0,9815442 1
0,9730802 1
0,9819807 1
0,9816363 1
0,9778967 1
0,9803911 1
0,9767252 1
0,9862099 1
0,9827552 1
0,9828916 1
0,9814414 1
0,9904003 1
0,9883227 1
0,9835171 1
0,99322 1
0,9836204 1
0,9910604 1
0,8885025 1
0,9960028 1
0,9075749 1
0,9827453 1
0,9843721 1
0,9802667 1
0,9843197 1
0,9834374 1
0,9796628 1
0,9893813 1
0,9831061 1
0,9830184 1
0,9868481 1
0,9795572 1
0,9804289 1
0,9835976 1
0,9812376 1
0,9790245 1
0,9805593 1
0,9888718 1
0,9743153 1
0,9841235 1
0,9881456 1
0,9808511 1
0,9879784 1
0,9845831 1
0,9892319 1
0,8999305 1
0,993207 1
0,9042683 1
0,9850479 1
0,9822283 1
0,9774758 1
0,9881964 1
0,9747237 1
0,9778196 1
0,9845952 1
0,9804663 1
0,9820527 1
0,9758045 1
0,9854261 1
0,9821518 1
0,9878906 1
0,9821667 1
0,9738926 1
0,984098 1
0,9791102 1
0,981356 1
0,9879367 1
0,9821017 1
0,9872878 1
0,9867358 1
0,9844279 1
0,9888611 1
0,856392 1
0,6709403 0
0,5675781 0
0,8192155 1
0,8584658 1
0,9189065 1
0,9208813 1
0,9442472 1
0,937669 1
0,9359288 1
0,9496933 1
0,9437366 1
0,93757 1
0,9357472 1
0,9391084 1
0,9613948 1
0,9613394 1
0,9582267 1
0,9685043 1
0,9541523 1
0,9565059 1
0,9652939 1
0,9767704 1
0,9667367 1
0,9618228 1
0,9679258 1
0,966979 1
0,7516149 1
0,9586729 1
0,7863038 1
0,9626741 1
0,9407701 1
0,9472126 1
0,9384753 1
0,9455552 1
0,9492059 1
0,9555486 1
0,9451416 1
0,960341 1
0,9602577 1
0,9552095 1
0,9619817 1
0,9503415 1
0,9555607 1
0,9720978 1
0,9650352 1
0,96479 1
0,9697383 1
0,9705682 1
0,9738039 1
0,975527 1
0,9695517 1
0,9716628 1
0,9705896 1
0,8100091 1
0,9556071 1
0,8339937 1
0,9661406 1
0,9684498 1
0,9694914 1
0,9684609 1
0,5990874 0
0,9463643 1
0,9555736 1
0,9494269 1
0,9490545 1
0,9431534 1
0,9456769 1
0,9406858 1
0,9547996 1
0,9568508 1
0,9270054 1
0,9257203 1
0,9391232 1
0,9444758 1
0,9539078 1
0,936964 1
0,9494333 1
0,9488652 1
0,941883 1
0,9513469 1
0,7866842 1
0,9209481 1
0,8378431 1
0,9786813 1
0,9595523 1
0,9450907 1
0,9681228 1
0,9516444 1
0,9552077 1
0,9459567 1
0,9388285 1
0,9603322 1
0,5498151 0
0,659079 0
0,8637819 1
0,8624555 1
0,6137171 0
0,7706739 1
0,8542835 1
0,795106 1
0,5777964 0
0,8439323 1
0,8940766 1
0,9305772 1
0,9182121 1
0,8870208 1
0,8098493 1
0,5697245 0
0,640953 0
0,4397095 0
0,8408385 1
0,8225783 1
0,8162072 1
0,8932499 1
0,9255552 1
0,9522044 1
0,9526299 1
0,9622567 1
0,9568077 1
0,9681176 1
0,9829443 1
0,9863924 1
0,9913236 1
0,9906966 1
0,6819895 0
0,5685562 0
0,7965412 1
0,9197062 1
0,9367899 1
0,9698147 1
0,9659489 1
0,9793218 1
0,9817721 1
0,9804864 1
0,8416684 1
0,9918726 1
0,8659573 1
0,9729678 1
0,9596601 1
0,9629192 1
0,9596512 1
0,9595938 1
0,955807 1
0,9595533 1
0,9709241 1
0,9588712 1
0,967081 1
0,9637126 1
0,9634784 1
0,9667209 1
0,9743931 1
0,9735985 1
0,9717292 1
0,9819583 1
0,9716455 1
0,9784314 1
0,9758244 1
0,9844618 1
0,981698 1
0,5599926 0
0,9686738 1
0,976152 1
0,9823498 1
0,8741008 1
0,9750174 1
0,9607437 1
0,9687447 1
0,9622168 1
0,948738 1
0,9647677 1
0,9512726 1
0,9697506 1
0,9493967 1
0,9679955 1
0,9645925 1
0,9570031 1
0,96549 1
0,9721522 1
0,9589288 1
0,9627321 1
0,9658766 1
0,951261 1
0,9704714 1
0,9791278 1
0,9780812 1
0,9710819 1
0,9686108 1
0,9719526 1
0,8586475 1
0,9863809 1
0,8778632 1
0,9692164 1
0,9630912 1
0,9610032 1
0,9588267 1
0,9614068 1
0,9544207 1
0,965834 1
0,9656106 1
0,9584407 1
0,9681298 1
0,9650657 1
0,9674495 1
0,9728385 1
0,9757371 1
0,9756246 1
0,9712766 1
0,9733673 1
0,9738646 1
0,9821476 1
0,4842045 0
0,9379542 1
0,939492 1
0,9462332 1
0,9275709 1
0,9295825 1
0,9355041 1
0,8643851 1
0,9569445 1
0,9486806 1
0,947886 1
0,9417039 1
0,9438908 1
0,9450029 1
0,9488471 1
0,9409704 1
0,9473737 1
0,9435073 1
0,9372549 1
0,9484545 1
0,9423304 1
0,9481683 1
0,9458191 1
0,946132 1
0,934935 1
0,9445406 1
0,9418964 1
0,9545768 1
0,9439197 1
0,9539823 1
0,9547253 1
0,9584309 1
0,8790976 1
0,9568713 1
0,5328236 0
0,9803942 1
0,9746531 1
0,9739981 1
0,9732345 1
0,9662321 1
0,9716825 1
0,9607769 1
0,9590225 1
0,9705329 1
0,9765225 1
0,9754621 1
0,9733804 1
0,9720141 1
0,9745226 1
0,9745266 1
0,9739485 1
0,9829656 1
0,9516428 1
0,9567165 1
0,974762 1
0,9825862 1
0,9806845 1
0,9868199 1
0,9849063 1
0,8880305 1
0,9868792 1
0,9001979 1
0,9726572 1
0,9701167 1
0,9670004 1
0,9721212 1
0,9685046 1
0,9728409 1
0,9727657 1
0,975373 1
0,9713952 1
0,9777717 1
0,9789855 1
0,9799659 1
0,9795282 1
0,9825428 1
0,9717414 1
0,9795209 1
0,9747669 1
0,9760111 1
0,9470791 1
0,9775044 1
0,9709325 1
0,9798584 1
0,9780532 1
0,9806471 1
0,8691064 1
0,9869308 1
0,8765842 1
0,982339 1
0,9727381 1
0,964286 1
0,9722981 1
0,9625527 1
0,9576211 1
0,9771406 1
0,9711973 1
0,9759699 1
0,9685886 1
0,9778253 1
0,9764376 1
0,9770887 1
0,9793006 1
0,9795689 1
0,9891664 1
0,6346521 0
0,9497712 1
0,9485204 1
0,9443246 1
0,952734 1
0,9535427 1
0,9493033 1
0,955757 1
0,9440789 1
0,9446446 1
0,861903 1
0,9637565 1
0,9534339 1
0,9445362 1
0,9596851 1
0,9403504 1
0,9458438 1
0,951753 1
0,9531258 1
0,9540926 1
0,9432205 1
0,962245 1
0,9430084 1
0,9474094 1
0,9468158 1
0,9538281 1
0,954751 1
0,9456372 1
0,9472317 1
0,9610674 1
0,9396527 1
0,9535053 1
0,9462205 1
0,3596007 0
0,8161616 1
0,7144241 0
0,6516833 0
0,630787 0
0,794471 1
0,7674764 1
0,5409951 0
0,942098 1
0,9345589 1
0,9496925 1
0,9584545 1
0,9575093 1
0,9542475 1
0,9541216 1
0,9474693 1
0,9459845 1
0,9535848 1
0,9549973 1
0,9535282 1
0,9599836 1
0,9561034 1
0,9566519 1
0,954132 1
0,9519978 1
0,9526345 1
0,9462496 1
0,9333068 1
0,9131324 1
0,8443977 1
0,9348707 1
0,8252689 1
0,9407642 1
0,9320485 1
0,9353718 1
0,9177569 1
0,9325754 1
0,9440657 1
0,9325202 1
0,9336449 1
0,9304618 1
0,9309594 1
0,936394 1
0,9459509 1
0,9353016 1
0,7069857 0
0,7126535 0
0,5988792 0
0,673558 0
0,8809015 1
0,9062625 1
0,9186478 1
0,9169029 1
0,9216269 1
0,9251025 1
0,914048 1
0,8776662 1
0,9273478 1
0,862722 1
0,9685262 1
0,9565359 1
0,953831 1
0,9678231 1
0,9591954 1
0,9707171 1
0,9699185 1
0,9358545 1
0,9578331 1
0,9557884 1
0,9432192 1
0,9703308 1
0,9563531 1
0,9771139 1
0,9511248 1
0,9719211 1
0,9598421 1
0,9785501 1
0,8727501 1
0,5437516 0
0,3375753 0
0,4660524 0
0,9402109 1
0,9522238 1
0,9474822 1
0,9420761 1
0,882858 1
0,9539659 1
0,9469539 1
0,9410386 1
0,940246 1
0,9453875 1
0,9381275 1
0,9398367 1
0,9406763 1
0,9319596 1
0,9367757 1
0,9411986 1
0,9284082 1
0,934068 1
0,9283968 1
0,9270853 1
0,937204 1
0,927536 1
0,9204119 1
0,9193163 1
0,9249414 1
0,9330103 1
0,9185848 1
0,9136168 1
0,9167423 1
0,8561306 1
0,9423986 1
0,8671437 1
0,944303 1
0,9344134 1
0,9142684 1
0,9265203 1
0,9291562 1
0,9345776 1
0,9220159 1
0,9290465 1
0,9315078 1
0,5938318 0
0,8073971 1
0,9442836 1
0,9424348 1
0,9269778 1
0,9280872 1
0,9378313 1
0,9430845 1
0,9537238 1
0,9489458 1
0,9389392 1
0,9454215 1
0,9354724 1
0,956689 1
0,9668907 1
0,9640289 1
0,97087 1
0,8615554 1
0,9652632 1
0,9625883 1
0,9688042 1
0,9677008 1
0,9615403 1
0,9533983 1
0,9487591 1
0,9434634 1
0,9431458 1
0,9478306 1
0,9523956 1
0,9468282 1
0,9550167 1
0,9589751 1
0,9553052 1
0,9492245 1
0,9484822 1
0,9504192 1
0,9451671 1
0,9483632 1
0,9509794 1
0,9500569 1
0,947366 1
0,9539625 1
0,870706 1
0,9637939 1
0,3286035 0
0,992943 1
0,9846004 1
0,957377 1
0,9554293 1
0,9883322 1
0,9905803 1
0,9913127 1
0,9936649 1
0,9924892 1
0,9946481 1
0,99292 1
0,9889714 1
0,9916717 1
0,9950258 1
0,9916266 1
0,9951978 1
0,9972058 1
0,96266 1
0,9928642 1
0,9952461 1
0,9921615 1
0,9933125 1
0,9948903 1
0,9958982 1
0,9925122 1
0,9919935 1
0,9647747 1
0,9907997 1
0,9898186 1
0,9883325 1
0,9876092 1
0,9919005 1
0,9864326 1
0,9891341 1
0,9915757 1
0,9876788 1
0,9926842 1
0,9890034 1
0,9912328 1
0,9886056 1
0,9888653 1
0,9881922 1
0,9836117 1
0,9877921 1
0,9893601 1
0,988792 1
0,9857439 1
0,9899243 1
0,9892551 1
0,9892766 1
0,9894266 1
0,9409654 1
0,9959336 1
0,9542248 1
0,9959776 1
0,995142 1
0,9945829 1
0,9966576 1
0,996311 1
0,995383 1
0,9948809 1
0,9949943 1
0,9944546 1
0,9942788 1
0,9972684 1
0,9961604 1
0,9923643 1
0,9944896 1
0,9962869 1
0,9927476 1
0,9956853 1
0,998454 1
0,9960238 1
0,9937664 1
0,9965823 1
0,9956262 1
0,9922166 1
0,9949498 1
0,3032549 0
0,9597175 1
0,8232731 1
0,9617163 1
0,9580736 1
0,9565149 1
0,9579854 1
0,9498413 1
0,9587963 1
0,9581921 1
0,9689182 1
0,9460592 1
0,9701518 1
0,9616653 1
0,964874 1
0,970059 1
0,9664209 1
0,9623426 1
0,9740883 1
0,970345 1
0,9763923 1
0,9707994 1
0,9816027 1
0,9812319 1
0,9847378 1
0,9791082 1
0,9771817 1
0,880231 1
0,9749948 1
0,8871389 1
0,9582022 1
0,9617214 1
0,9655702 1
0,9481453 1
0,954774 1
0,9629802 1
0,9698779 1
0,9647332 1
0,9660298 1
0,9709479 1
0,9737449 1
0,9804352 1
0,976472 1
0,9790633 1
0,9769207 1
0,9758102 1
0,4418579 0
0,9437618 1
0,9611548 1
0,9790081 1
0,9685202 1
0,9712606 1
0,9798533 1
0,9690052 1
0,9746295 1
0,9817275 1
0,8902243 1
0,9719173 1
0,971804 1
0,9581031 1
0,9608244 1
0,9521164 1
0,9524063 1
0,9530202 1
0,9588273 1
0,9620439 1
0,9723377 1
0,9715099 1
0,9615033 1
0,969442 1
0,4229453 0
0,9218017 1
0,9309224 1
0,9296528 1
0,9176272 1
0,9227563 1
0,9399024 1
0,9469886 1
0,9467606 1
0,9531439 1
0,9601173 1
0,9528266 1
0,9618284 1
0,8666896 1
0,9681853 1
0,9559329 1
0,9454057 1
0,917555 1
0,9391423 1
0,9524817 1
0,9471249 1
0,946238 1
0,9369779 1
0,9352455 1
0,9417178 1
0,9493135 1
0,9508866 1
0,9374053 1
0,9398213 1
0,9480798 1
0,955394 1
0,9465296 1
0,9436934 1
0,9503279 1
0,9346327 1
0,9507821 1
0,9481214 1
0,9379019 1
0,8590954 1
0,9598668 1
0,8540496 1
0,9617543 1
0,9449514 1
0,9447066 1
0,9544578 1
0,9390789 1
0,9426281 1
0,9450743 1
0,943222 1
0,9389535 1
0,9419214 1
0,9272655 1
0,9320809 1
0,9450687 1
0,9392347 1
0,9372948 1
0,9466986 1
0,9668697 1
0,9591354 1
0,3361959 0
0,9744366 1
0,9688351 1
0,97088 1
0,9653185 1
0,968141 1
0,9646969 1
0,9704089 1
0,9092738 1
0,9769569 1
0,9639915 1
0,9643998 1
0,9596662 1
0,9602358 1
0,9607276 1
0,9644203 1
0,9585065 1
0,9629562 1
0,9694688 1
0,9683464 1
0,5414553 0
0,9424254 1
0,9426396 1
0,9369755 1
0,9394643 1
0,9405656 1
0,9389321 1
0,9427485 1
0,9438953 1
0,9489526 1
0,9475825 1
0,9434682 1
0,9432566 1
0,9394575 1
0,9482821 1
0,8813648 1
0,9666325 1
0,9468502 1
0,9448957 1
0,9463948 1
0,9482886 1
0,9530243 1
0,9527063 1
0,9524041 1
0,9466221 1
0,2816376 0
0,9510678 1
0,9107018 1
0,9235228 1
0,9708732 1
0,960615 1
0,9830074 1
0,9766608 1
0,9761724 1
0,9800283 1
0,9801087 1
0,9774507 1
0,9845771 1
0,9831793 1
0,981668 1
0,9835846 1
0,983893 1
0,5736148 0
0,9635831 1
0,9391448 1
0,9308301 1
0,9407608 1
0,9461259 1
0,9411387 1
0,9437478 1
0,9450059 1
0,9424703 1
0,9413874 1
0,9252307 1
0,8125388 1
0,6779406 0
0,6799602 0
0,680623 0
0,8904591 1
0,8924403 1
0,8846361 1
0,90937 1
0,903917 1
0,9135449 1
0,922228 1
0,907962 1
0,9115446 1
0,8638848 1
0,9554191 1
0,8593206 1
0,9629672 1
0,9649643 1
0,962626 1
0,9761958 1
0,9561216 1
0,9374337 1
0,9514478 1
0,9529662 1
0,9475505 1
0,9542885 1
0,9695645 1
0,9450964 1
0,9560484 1
0,980681 1
0,8445548 1
