0,6907862 1
0,9671328 0
0,9577501 0
0,9551814 0
0,9601892 0
0,9523214 0
0,9502435 0
0,9476702 0
0,9495143 0
0,9541973 0
0,9402318 0
0,9481093 0
0,9362485 0
0,9476659 0
0,9376259 0
0,9498338 0
0,9490941 0
0,9492708 0
0,9509752 0
0,9421694 0
0,9553379 0
0,945488 0
0,9530771 0
0,932268 0
0,96557 0
0,8978031 1
0,9309754 0
0,9138831 0
0,9299929 0
0,9447274 0
0,9501685 0
0,946106 0
0,9238179 0
0,9463484 0
0,9467413 0
0,9417672 0
0,9409208 0
0,9368054 0
0,9423266 0
0,9414045 0
0,9108135 0
0,8681597 1
0,9117798 0
0,9342663 0
0,9437472 0
0,9256907 0
0,9324632 0
0,9410014 0
0,936867 0
0,9536105 0
0,9353714 0
0,9370268 0
0,9308751 0
0,9414735 0
0,9449593 0
0,9248632 0
0,9519554 0
0,9447838 0
0,9465833 0
0,9405645 0
0,9250296 0
0,9404435 0
0,9262192 0
0,9489871 0
0,9422936 0
0,9814768 0
0,949112 0
0,9810584 0
0,9781092 0
0,9590645 0
0,9726764 0
0,9870366 0
0,9882367 0
0,9918613 0
0,9923375 0
0,9896906 0
0,8907759 1
0,8276359 1
0,6310676 1
0,9708617 0
0,9733607 0
0,983463 0
0,9759356 0
0,9892677 0
0,8569073 1
0,9877139 0
0,9891848 0
0,9889439 0
0,9929914 0
0,9926787 0
0,9918224 0
0,9921855 0
0,9918752 0
0,989992 0
0,9884589 0
0,9930236 0
0,9911215 0
0,9920773 0
0,9926084 0
0,9897068 0
0,9908183 0
0,9950715 0
0,9907162 0
0,9941868 0
0,991217 0
0,9909483 0
0,9932278 0
0,9935871 0
0,5708374 1
0,5384799 1
0,7430331 1
0,6707441 1
0,9750862 0
0,9759978 0
0,9786893 0
0,9831485 0
0,9846433 0
0,9769886 0
0,9735533 0
0,9829077 0
0,9793406 0
0,9752517 0
0,9804662 0
0,9776909 0
0,9787658 0
0,9760523 0
0,9846836 0
0,8950852 1
0,9853852 0
0,9752669 0
0,9794833 0
0,976095 0
0,9848123 0
0,9805589 0
0,9774762 0
0,980792 0
0,9788695 0
0,9747301 0
0,9737045 0
0,9779126 0
0,9761539 0
0,9762417 0
0,9763243 0
0,9761639 0
0,9757392 0
0,9742277 0
0,9759848 0
0,9798877 0
0,9787102 0
0,9852356 0
0,7183328 1
0,7782958 1
0,5711222 1
0,6556873 1
0,9841942 0
0,9837375 0
0,9832481 0
0,9834532 0
0,9847107 0
0,9890981 0
0,9816671 0
0,9849235 0
0,986277 0
0,9836069 0
0,9857491 0
0,9775056 0
0,9831395 0
0,9900478 0
0,9909754 0
0,8741193 1
0,9898955 0
0,9903654 0
0,9905599 0
0,990691 0
0,992468 0
0,99143 0
0,9940724 0
0,9870037 0
0,9913452 0
0,9886416 0
0,994169 0
0,993351 0
0,9918689 0
0,9871638 0
0,9878044 0
0,7712446 1
0,8164213 1
0,8429902 1
0,9401035 0
0,9883451 0
0,9903823 0
0,9826942 0
0,9865513 0
0,9919728 0
0,9928114 0
0,984103 0
0,9907098 0
0,99229 0
0,9955999 0
0,9935204 0
0,9911588 0
0,9936872 0
0,9934716 0
0,9913476 0
0,9866234 0
0,9917652 0
0,9970439 0
0,9786797 0
0,9927242 0
0,9924326 0
0,9964259 0
0,9971582 0
0,8861874 1
0,9921048 0
0,9938807 0
0,9932049 0
0,9940605 0
0,9934397 0
0,9915004 0
0,99526 0
0,9457951 0
0,9275654 0
0,9386876 0
0,9290079 0
0,9473791 0
0,9393144 0
0,9203522 0
0,9038218 0
0,9355165 0
0,9799805 0
0,9555296 0
0,9784904 0
0,9804553 0
0,9784388 0
0,9778398 0
0,9803913 0
0,9759752 0
0,9699959 0
0,9863877 0
0,9824343 0
0,9848229 0
0,9778075 0
0,9818451 0
0,9785255 0
0,9803246 0
0,9815146 0
0,9806701 0
0,9809102 0
0,9634607 0
0,9819229 0
0,9882542 0
0,9794488 0
0,9829879 0
0,9820911 0
0,9906194 0
0,8925496 1
0,9883308 0
0,9854175 0
0,9798267 0
0,9821808 0
0,9836124 0
0,9849407 0
0,9456507 0
0,9161856 0
0,9390191 0
0,9205834 0
0,9125587 0
0,926191 0
0,9192174 0
0,9183265 0
0,9380224 0
0,9741125 0
0,9758247 0
0,9789518 0
0,9873416 0
0,9920551 0
0,9628884 0
0,9824809 0
0,9944243 0
0,9881818 0
0,9895603 0
0,9878199 0
0,9883602 0
0,9915139 0
0,9859328 0
0,9887343 0
0,9898075 0
0,9886676 0
0,9914567 0
0,9869945 0
0,9933901 0
0,9812736 0
0,9957703 0
0,9852179 0
0,9859592 0
0,9927745 0
0,9945998 0
0,9017615 1
0,9906074 0
0,9872761 0
0,9960327 0
0,9963298 0
0,9769596 0
0,5832242 1
0,808952 1
0,7613161 1
0,8765125 1
0,604201 1
0,8639466 1
0,9664589 0
0,9822776 0
0,977455 0
0,9697366 0
0,9822307 0
0,9759406 0
0,9777775 0
0,9845089 0
0,9798236 0
0,983268 0
0,9816384 0
0,9764365 0
0,9788141 0
0,9710281 0
0,980365 0
0,9787902 0
0,9859459 0
0,9774511 0
0,9777482 0
0,9798179 0
0,98115 0
0,9785394 0
0,9851282 0
0,9642663 0
0,9868991 0
0,9864339 0
0,9837177 0
0,9819034 0
0,981693 0
0,980068 0
0,9933369 0
0,8651727 1
0,9758546 0
0,8482094 1
0,8229647 1
0,8130979 1
0,8497123 1
0,8760602 1
0,8668876 1
0,8973594 1
0,8824891 1
0,9692838 0
0,9719551 0
0,9477181 0
0,9588497 0
0,9680507 0
0,962065 0
0,9690962 0
0,9573942 0
0,9696024 0
0,9637988 0
0,9739502 0
0,959969 0
0,9677027 0
0,9636736 0
0,962257 0
0,9674457 0
0,9596426 0
0,9820268 0
0,9599361 0
0,9680936 0
0,9668611 0
0,9687535 0
0,9580455 0
0,9557413 0
0,9790187 0
0,967589 0
0,965088 0
0,9736235 0
0,9659681 0
0,9641156 0
0,9701502 0
0,9716455 0
0,9889187 0
0,9034849 0
0,9676376 0
0,9682986 0
0,9653521 0
0,962001 0
0,9593043 0
0,9687312 0
0,9722127 0
0,962117 0
0,9325331 0
0,899159 1
0,9046869 0
0,8918512 1
0,9121265 0
0,8944856 1
0,8505117 1
0,8864583 1
0,9467708 0
0,9667898 0
0,9765667 0
0,9825324 0
0,9807039 0
0,9863443 0
0,9833004 0
0,9819341 0
0,9820048 0
0,9813279 0
0,9883708 0
0,9840349 0
0,9856437 0
0,984943 0
0,9852155 0
0,977173 0
0,9834591 0
0,9840516 0
0,9875984 0
0,9855927 0
0,9819084 0
0,9877348 0
0,9863667 0
0,9864185 0
0,9882017 0
0,8487195 1
0,7989253 1
0,5823107 1
0,8291749 1
0,7517597 1
0,6937019 1
0,7053154 1
0,9091004 0
0,9065146 0
0,927855 0
0,9313055 0
0,9327756 0
0,9348706 0
0,9332792 0
0,9235705 0
0,9147487 0
0,9094059 0
0,9212801 0
0,8976771 1
0,9176406 0
0,9145715 0
0,9317513 0
0,9237778 0
0,9196981 0
0,9314979 0
0,9463165 0
0,9384803 0
0,9177076 0
0,9316356 0
0,9367754 0
0,9257231 0
0,9555616 0
0,9460946 0
0,9512466 0
0,9416345 0
0,9545057 0
0,9509141 0
0,9601369 0
0,9660019 0
0,9434515 0
0,9581487 0
0,944522 0
0,9574536 0
0,8726595 1
0,9458218 0
0,9677284 0
0,9588578 0
0,9514189 0
0,943063 0
0,9508823 0
0,9471733 0
0,9549055 0
0,9378445 0
0,9613497 0
0,9520372 0
0,9484553 0
0,9483034 0
0,9512645 0
0,9518935 0
0,942407 0
0,9263179 0
0,9355362 0
0,9412417 0
0,936614 0
0,9439492 0
0,947567 0
0,931287 0
0,9435386 0
0,9244227 0
0,9325637 0
0,9412228 0
0,940067 0
0,9432629 0
0,9158439 0
0,9316252 0
0,9293398 0
0,9327291 0
0,9265055 0
0,9134232 0
0,9388407 0
0,9345071 0
0,9329247 0
0,9237742 0
0,916409 0
0,9044986 0
0,9148815 0
0,8258806 1
0,9234919 0
0,9279456 0
0,9348339 0
0,9422945 0
0,9340754 0
0,9359911 0
0,9504085 0
0,9371307 0
0,9469992 0
0,9442887 0
0,9609303 0
0,9453269 0
0,9339443 0
0,9474695 0
0,9459055 0
0,9516832 0
0,9512532 0
0,9646158 0
0,9569024 0
0,9531595 0
0,9534167 0
0,9512115 0
0,8427488 1
0,7060252 1
0,8343383 1
0,8909645 1
0,9645665 0
0,9457994 0
0,951814 0
0,9812639 0
0,9681982 0
0,9812264 0
0,9762449 0
0,9764633 0
0,9829529 0
0,9784657 0
0,9866105 0
0,9808511 0
0,9809855 0
0,9742129 0
0,9799635 0
0,8979672 1
0,9457474 0
0,9815277 0
0,9699267 0
0,969853 0
0,9712965 0
0,9718033 0
0,9650999 0
0,9692309 0
0,9657958 0
0,966413 0
0,9784371 0
0,9832815 0
0,9687229 0
0,97363 0
0,9701092 0
0,966845 0
0,9745712 0
0,9794846 0
0,9652047 0
0,9827611 0
0,9881942 0
0,9716482 0
0,9810965 0
0,9812132 0
0,9826028 0
0,9785445 0
0,9887127 0
0,5595581 1
0,9870833 0
0,9916958 0
0,9839264 0
0,9726173 0
0,9599848 0
0,9945569 0
0,9925013 0
0,9850991 0
0,9928288 0
0,9844924 0
0,9947386 0
0,9921932 0
0,9924849 0
0,9946144 0
0,8864595 1
0,9932697 0
0,992559 0
0,9894565 0
0,9919916 0
0,9928077 0
0,9934691 0
0,9899194 0
0,9898837 0
0,992667 0
0,9892577 0
0,9932131 0
0,9914268 0
0,9948757 0
0,9938753 0
0,9948611 0
0,9942022 0
0,9937932 0
0,9920543 0
0,9910058 0
0,9946651 0
0,9909672 0
0,9919865 0
0,9934813 0
0,9939901 0
0,9933922 0
0,9935606 0
0,9940537 0
0,9893509 0
0,9920591 0
0,9909228 0
0,9929986 0
0,9863415 0
0,9949247 0
0,9955817 0
0,9950141 0
0,9934661 0
0,9934515 0
0,9941669 0
0,9933963 0
0,9939914 0
0,9923088 0
0,9956717 0
0,887422 1
0,993447 0
0,9949447 0
0,9952587 0
0,9936562 0
0,992662 0
0,9968567 0
0,9941628 0
0,9965977 0
0,9958335 0
0,9949105 0
0,9958121 0
0,9963807 0
0,9983991 0
0,9962474 0
0,9952413 0
0,9952797 0
0,9954634 0
0,9962974 0
0,9964996 0
0,9964916 0
0,9957621 0
0,9952757 0
0,9951541 0
0,9935815 0
0,9951503 0
0,9915113 0
0,9944402 0
0,9978914 0
0,9956371 0
0,9960911 0
0,9827864 0
0,9918352 0
0,9902338 0
0,9898286 0
0,990675 0
0,9906769 0
0,990408 0
0,9881772 0
0,9841486 0
0,991094 0
0,9902413 0
0,8641322 1
0,9565657 0
0,6591078 1
0,7527348 1
0,8418211 1
0,9431795 0
0,9611716 0
0,9726186 0
0,9733766 0
0,979781 0
0,97623 0
0,9769486 0
0,955564 0
0,9820557 0
0,9874014 0
0,9950659 0
0,9864151 0
0,9929551 0
0,9799074 0
0,9868042 0
0,9910014 0
0,9925801 0
0,9888992 0
0,9943943 0
0,9876144 0
0,9784951 0
0,9728016 0
0,9798419 0
0,9721892 0
0,9800429 0
0,9869871 0
0,9870632 0
0,9872722 0
0,9840388 0
0,9901125 0
0,9891534 0
0,9901698 0
0,9911079 0
0,9924296 0
0,9864747 0
0,9837821 0
0,9794007 0
0,9815207 0
0,8846406 1
0,984954 0
0,9845093 0
0,9875275 0
0,9898713 0
0,9883566 0
0,9851465 0
0,9931217 0
0,9876968 0
0,9843788 0
0,9801795 0
0,9794703 0
0,9850357 0
0,986149 0
0,9813352 0
0,9874516 0
0,9911437 0
0,9940414 0
0,9884439 0
0,9923462 0
0,9911198 0
0,9893134 0
0,9897804 0
0,9919982 0
0,9862342 0
0,9897001 0
0,9905565 0
0,9894721 0
0,9879873 0
0,9875571 0
0,9903947 0
0,9843959 0
0,9940466 0
0,994108 0
0,9938993 0
0,992232 0
0,990982 0
0,9883887 0
0,9860961 0
0,9914488 0
0,9933006 0
0,9962107 0
0,9951539 0
0,8798991 1
0,9971499 0
0,9960625 0
0,9899801 0
0,9893166 0
0,9861542 0
0,9870572 0
0,9888169 0
0,9932962 0
0,9907828 0
0,9872891 0
0,9901511 0
0,9900495 0
0,9928253 0
0,9944262 0
0,9901904 0
0,9928192 0
0,989032 0
0,991448 0
0,9943352 0
0,9859506 0
0,9922783 0
0,9951764 0
0,9930001 0
0,9961638 0
0,9915962 0
0,991609 0
0,9907749 0
0,9895848 0
0,9906158 0
0,9925128 0
0,9884197 0
0,9919972 0
0,9920591 0
0,9906128 0
0,9906239 0
0,9862174 0
0,9870725 0
0,984158 0
0,9901168 0
0,9904957 0
0,9895531 0
0,8868745 1
0,9834937 0
0,9859284 0
0,986139 0
0,9910108 0
0,9853951 0
0,9887645 0
0,9867271 0
0,9859642 0
0,9875159 0
0,9879116 0
0,9876044 0
0,9884745 0
0,9903998 0
0,9912052 0
0,9898735 0
0,9882219 0
0,9918831 0
0,9914293 0
0,9887506 0
0,9907659 0
0,9902101 0
0,9837876 0
0,9846416 0
0,9888884 0
0,9898193 0
0,9919047 0
0,9890177 0
0,989767 0
0,9898965 0
0,9900035 0
0,9917392 0
0,9904328 0
0,9904055 0
0,9885695 0
0,9890184 0
0,9897965 0
0,987749 0
0,997049 0
0,6947721 1
0,9698139 0
0,974782 0
0,9791999 0
0,8834286 1
0,9724622 0
0,9781219 0
0,9828413 0
0,9714932 0
0,9771041 0
0,9692477 0
0,9810272 0
0,9847244 0
0,9780155 0
0,9799291 0
0,9784955 0
0,9767895 0
0,9746197 0
0,9788599 0
0,9780462 0
0,9791818 0
0,976069 0
0,9700412 0
0,9764221 0
0,9783721 0
0,9802809 0
0,977047 0
0,9779084 0
0,9788678 0
0,9741327 0
0,9786988 0
0,9824808 0
0,9791706 0
0,9917647 0
0,9790002 0
0,9820107 0
0,9799153 0
0,9757387 0
0,9709211 0
0,9800467 0
0,9768825 0
0,981473 0
0,9749235 0
0,9767393 0
0,9809713 0
0,9818677 0
0,9876242 0
0,8873245 1
0,986982 0
0,9813694 0
0,97349 0
0,9835571 0
0,9826655 0
0,9672104 0
0,9812196 0
0,9752812 0
0,979844 0
0,973704 0
0,9737535 0
0,9794094 0
0,9742959 0
0,9726509 0
0,9732091 0
0,9732327 0
0,9773594 0
0,9791235 0
0,9681873 0
0,9666888 0
0,9688003 0
0,9742493 0
0,9653313 0
0,9751618 0
0,9701583 0
0,9595675 0
0,9740169 0
0,9665459 0
0,9709922 0
0,9738668 0
0,9649957 0
0,9685299 0
0,9799944 0
0,9767735 0
0,8491084 1
0,8008626 1
0,9799724 0
0,9781997 0
0,9792475 0
0,9824583 0
0,9746405 0
0,9038041 0
0,9719077 0
0,9689423 0
0,9809988 0
0,9773976 0
0,972212 0
0,9793989 0
0,9806239 0
0,9747891 0
0,9780807 0
0,9798176 0
0,9755967 0
0,9763821 0
0,9797953 0
0,972814 0
0,9745514 0
0,9682275 0
0,961816 0
0,8110916 1
0,9168 0
0,8288757 1
0,9765776 0
0,9751237 0
0,9802608 0
0,9790018 0
0,9810827 0
0,9815477 0
0,9690517 0
0,9821392 0
0,9768342 0
0,9865647 0
0,8894339 1
0,9127054 0
0,906306 0
0,9096364 0
0,9361682 0
0,9501846 0
0,9718554 0
0,9689181 0
0,981463 0
0,9837024 0
0,9835917 0
0,9906321 0
0,8867038 1
0,9868666 0
0,9881923 0
0,9709543 0
0,9734927 0
0,9778087 0
0,9790727 0
0,9765894 0
0,9715399 0
0,9820909 0
0,9750066 0
0,9743462 0
0,9737417 0
0,9741814 0
0,9816686 0
0,9761762 0
0,9729796 0
0,9756851 0
0,9641157 0
0,9816694 0
0,97836 0
0,958308 0
0,9375075 0
0,9299085 0
0,9458863 0
0,9174632 0
0,9396165 0
0,9680762 0
0,9779121 0
0,9871535 0
0,9799696 0
0,9786546 0
0,9795196 0
0,9814616 0
0,9813519 0
0,9778253 0
0,9839802 0
0,9849349 0
0,9882819 0
0,9845062 0
0,9785019 0
0,9830442 0
0,9948214 0
0,8896803 1
0,9935911 0
0,9874585 0
0,9784784 0
0,9886683 0
0,9878106 0
0,9829568 0
0,979973 0
0,9867659 0
0,9875977 0
0,9770313 0
0,9807988 0
0,9292773 0
0,9395511 0
0,9601545 0
0,9558779 0
0,9695944 0
0,9500369 0
0,9884116 0
0,9904652 0
0,9862621 0
0,9837482 0
0,9859368 0
0,9779139 0
0,9886442 0
0,9876986 0
0,9855327 0
0,9872576 0
0,9842303 0
0,9831671 0
0,9830454 0
0,9788187 0
0,9861144 0
0,9872352 0
0,9854845 0
0,9848864 0
0,9884387 0
0,9917951 0
0,985257 0
0,9844981 0
0,985696 0
0,9926384 0
0,8902959 1
0,9915432 0
0,9928145 0
0,9279575 0
0,9175945 0
0,9189516 0
0,8683648 1
0,9505572 0
0,9343261 0
0,9878402 0
0,979546 0
0,98186 0
0,9901115 0
0,9855422 0
0,9832079 0
0,9815797 0
0,9629389 0
0,9951937 0
0,988253 0
0,9856611 0
0,9895616 0
0,9857184 0
0,9889145 0
0,9752427 0
0,9882909 0
0,9822226 0
0,9835181 0
0,9849038 0
0,9840696 0
0,9834605 0
0,9780855 0
0,9815194 0
0,9741985 0
0,9806921 0
0,9836015 0
0,9866823 0
0,926231 0
0,9204189 0
0,9404316 0
0,9431343 0
0,9371419 0
0,9560839 0
0,9871361 0
0,8807301 1
0,9710321 0
0,9727365 0
0,9723759 0
0,9772726 0
0,9700389 0
0,9723757 0
0,9647672 0
0,9711929 0
0,9811829 0
0,978267 0
0,9789613 0
0,9841956 0
0,9824024 0
0,9856395 0
0,9867092 0
0,9821517 0
0,984719 0
0,9797405 0
0,9847595 0
0,9834181 0
0,9860216 0
0,9780222 0
0,9797595 0
0,9790212 0
0,982484 0
0,98173 0
0,946237 0
0,9499691 0
0,9167135 0
0,8924638 1
0,8704035 1
0,913204 0
0,9662746 0
0,9677352 0
0,9718153 0
0,972536 0
0,9711863 0
0,9741675 0
0,9720179 0
0,9728808 0
0,9843276 0
0,9889289 0
0,8488 1
0,9820464 0
0,9767818 0
0,9782382 0
0,9829904 0
0,9831554 0
0,984226 0
0,9807926 0
0,9815816 0
0,9739642 0
0,9827589 0
0,9819005 0
0,9694061 0
0,9700713 0
0,9673624 0
0,9836627 0
0,9552393 0
0,934314 0
0,9137606 0
0,9406452 0
0,9304631 0
0,9373122 0
0,9646899 0
0,9842602 0
0,986887 0
0,9886291 0
0,9834855 0
0,962539 0
0,9826959 0
0,9853368 0
0,9826101 0
0,982153 0
0,9735474 0
0,9808145 0
0,9812544 0
0,9718502 0
0,9828607 0
0,9698126 0
0,9811307 0
0,9846088 0
0,9846072 0
0,9844287 0
0,8685994 1
0,9921598 0
0,9833964 0
0,9781046 0
0,9790802 0
0,9801569 0
0,9848429 0
0,981607 0
0,9808252 0
0,9822891 0
0,9864173 0
0,9830638 0
0,9823096 0
0,9852731 0
0,9828179 0
0,9814675 0
0,9779169 0
0,9832099 0
0,9816421 0
0,9788747 0
0,9769065 0
0,9847739 0
0,9796346 0
0,9800012 0
0,9558649 0
0,9317945 0
0,9264185 0
0,9353881 0
0,9004836 1
0,9202475 0
0,9729577 0
0,9816642 0
0,9826462 0
0,8292133 1
0,8870358 1
0,8559719 1
0,8957002 1
0,9783677 0
0,9738034 0
0,9743684 0
0,9749519 0
0,9729392 0
0,9777787 0
0,9135609 0
0,9857683 0
0,9691468 0
0,9773498 0
0,9731289 0
0,9680289 0
0,9804202 0
0,9707727 0
0,9817231 0
0,9792688 0
0,9628178 0
0,9647064 0
0,9662635 0
0,9836814 0
0,9786696 0
0,9739209 0
0,9797426 0
0,9777864 0
0,9801555 0
0,9871009 0
0,9817349 0
0,980412 0
0,9775965 0
0,977532 0
0,9773597 0
0,9761665 0
0,9816381 0
0,9893515 0
0,6230968 1
0,9708841 0
0,9753317 0
0,9917502 0
0,9892769 0
0,9893003 0
0,9915684 0
0,987781 0
0,991916 0
0,9897983 0
0,989202 0
0,9916782 0
0,9939494 0
0,9955637 0
0,9962232 0
0,8944026 1
0,9957457 0
0,9952391 0
0,9970126 0
0,9910862 0
0,9925696 0
0,9963481 0
0,9961302 0
0,9966993 0
0,9903887 0
0,993636 0
0,9938 0
0,9941739 0
0,9943131 0
0,9903527 0
0,9945678 0
0,9924152 0
0,9935133 0
0,9873418 0
0,98885 0
0,9912052 0
0,9919416 0
0,9907158 0
0,9876946 0
0,9895764 0
0,9886051 0
0,9868398 0
0,9820865 0
0,9844289 0
0,9808527 0
0,9848679 0
0,9891876 0
0,9864099 0
0,9784908 0
0,9863615 0
0,9847237 0
0,9870779 0
0,9856252 0
0,9847733 0
0,9858781 0
0,9835317 0
0,9933633 0
0,8750352 1
0,9864963 0
0,9833574 0
0,9888258 0
0,9941972 0
0,9905463 0
0,9965544 0
0,6132583 1
0,9877557 0
0,9907535 0
0,9697659 0
0,9953086 0
0,9909018 0
0,9916591 0
0,9882191 0
0,9889437 0
0,9919577 0
0,9869007 0
0,988643 0
0,9803026 0
0,9888099 0
0,9922398 0
0,9856251 0
0,9863476 0
0,9890569 0
0,9874645 0
0,9904978 0
0,9850439 0
0,9942307 0
0,9877612 0
0,9844272 0
0,9852272 0
0,9783537 0
0,9863704 0
0,98335 0
0,9830689 0
0,9881241 0
0,988873 0
0,9864905 0
0,9890461 0
0,9843014 0
0,9892501 0
0,9877018 0
0,8414837 1
0,9822952 0
0,9825562 0
0,9928213 0
0,984574 0
0,9843712 0
0,9901873 0
0,9856229 0
0,9924358 0
0,9880888 0
0,9866347 0
0,9882313 0
0,9595405 0
0,9823709 0
0,9768516 0
0,9900036 0
0,982374 0
0,9842992 0
0,9908876 0
0,9938008 0
0,9884367 0
0,9904641 0
0,9882913 0
0,9850991 0
0,9903312 0
0,995577 0
0,9961142 0
0,9834698 0
0,9917566 0
0,9901518 0
0,9914468 0
0,9918174 0
0,9927459 0
0,9921158 0
0,9915308 0
0,9896964 0
0,9961622 0
0,9939668 0
0,9893506 0
0,9948729 0
0,9910284 0
0,9933515 0
0,9947997 0
0,8575093 1
0,9898837 0
0,988017 0
0,9866418 0
0,9926592 0
0,9891266 0
0,9926268 0
0,9834877 0
0,9835293 0
0,994718 0
0,9917431 0
0,9960058 0
0,9956743 0
0,9952147 0
0,9983688 0
0,9977186 0
0,9981384 0
0,5943367 1
0,9588571 0
0,9855636 0
0,9881582 0
0,9913998 0
0,9908881 0
0,9866597 0
0,9914967 0
0,9917004 0
0,9885811 0
0,9848147 0
0,9851021 0
0,9867241 0
0,9889541 0
0,9827451 0
0,9885119 0
0,9905044 0
0,9930021 0
0,9934605 0
0,9924097 0
0,9905075 0
0,982394 0
0,9861442 0
0,9918776 0
0,9942755 0
0,8615316 1
0,9898149 0
0,9865288 0
0,9823129 0
0,9809175 0
0,9913518 0
0,9919034 0
0,9851687 0
0,9881738 0
0,9905331 0
0,9913462 0
0,9863592 0
0,9931268 0
0,9942322 0
0,9922968 0
0,9880877 0
0,9925629 0
0,9887512 0
0,992364 0
0,993816 0
0,995748 0
0,9904913 0
0,9948545 0
0,9916589 0
0,9901479 0
0,993427 0
0,991291 0
0,9926424 0
0,9955105 0
0,9946296 0
0,9945371 0
0,9967204 0
0,9960077 0
0,9918801 0
0,9950861 0
0,9976991 0
0,9970322 0
0,9940633 0
0,9911427 0
0,9906892 0
0,9899015 0
0,9862889 0
0,9871057 0
0,8810899 1
0,982331 0
0,9797359 0
0,9799702 0
0,9852942 0
0,9701431 0
0,9833385 0
0,9899846 0
0,98871 0
0,9823366 0
0,9868656 0
0,9853487 0
0,9869384 0
0,9822105 0
0,9875352 0
0,9903628 0
0,9899715 0
0,9896708 0
0,9894866 0
0,9922652 0
0,991239 0
0,9902973 0
0,9901689 0
0,9931684 0
0,9945867 0
0,9885606 0
0,9880841 0
0,9920022 0
0,9961703 0
0,9941801 0
0,9932116 0
0,9882779 0
0,9885451 0
0,9873858 0
0,9876379 0
0,9929652 0
0,9911523 0
0,9924991 0
0,9954244 0
0,9876387 0
0,9894021 0
0,9883222 0
0,9889729 0
0,8670748 1
0,9854724 0
0,9879804 0
0,9924644 0
0,9933817 0
0,9908975 0
0,9884946 0
0,9854554 0
0,9895877 0
0,9921696 0
0,9936465 0
0,9943114 0
0,9914632 0
0,990526 0
0,8623697 1
0,7403532 1
0,6731866 1
0,9378089 0
0,9764203 0
0,9771876 0
0,9876378 0
0,9792123 0
0,9865527 0
0,9918519 0
0,9906834 0
0,992821 0
0,9902505 0
0,9838691 0
0,9885979 0
0,9845889 0
0,9907695 0
0,9900978 0
0,9925134 0
0,9870498 0
0,9937208 0
0,9948323 0
0,8517776 1
0,8676036 1
0,8551026 1
0,8949463 1
0,906767 0
0,9618026 0
0,8411773 1
0,9831232 0
0,9743322 0
0,972501 0
0,9794624 0
0,9775185 0
0,9810834 0
0,9884062 0
0,9839759 0
0,9800112 0
0,9916049 0
0,9782381 0
0,9866714 0
0,9880244 0
0,9814019 0
0,9829127 0
0,9796517 0
0,9854749 0
0,9828532 0
0,982109 0
0,9836245 0
0,9859195 0
0,9780481 0
0,9753084 0
0,9832978 0
0,9870525 0
0,9887825 0
0,9562881 0
0,916966 0
0,9251974 0
0,9212318 0
0,9196364 0
0,9097758 0
0,9736345 0
0,9707549 0
0,9798589 0
0,979822 0
0,9824037 0
0,9880306 0
0,9882972 0
0,9898378 0
0,9885676 0
0,9943869 0
0,8475764 1
0,9907866 0
0,9829882 0
0,9911257 0
0,9871873 0
0,9895909 0
0,9924172 0
0,9876866 0
0,9862957 0
0,9923998 0
0,9795501 0
0,9819191 0
0,986365 0
0,9867814 0
0,9876356 0
0,9895465 0
0,987336 0
0,9890777 0
0,9002474 1
0,9323668 0
0,9463406 0
0,9483821 0
0,9388186 0
0,9809176 0
0,9894841 0
0,9875653 0
0,9816825 0
0,9809357 0
0,9899198 0
0,9826153 0
0,9819608 0
0,9874509 0
0,9889195 0
0,9906706 0
0,9837095 0
0,9904751 0
0,9946874 0
0,9856585 0
0,9900264 0
0,9854978 0
0,9907811 0
0,9914562 0
0,9979192 0
0,8691244 1
0,9761522 0
0,9864642 0
0,9877737 0
0,9941595 0
0,9869414 0
0,9951491 0
0,9945366 0
0,8934966 1
0,9272674 0
0,8927999 1
0,8823633 1
0,8555242 1
0,9104292 0
0,9752457 0
0,9879859 0
0,9851324 0
0,9761022 0
0,9834362 0
0,9871089 0
0,9814449 0
0,9861978 0
0,9878964 0
0,9944236 0
0,9958268 0
0,9920279 0
0,9848985 0
0,9881425 0
0,9853302 0
0,9885135 0
0,9932542 0
0,986009 0
0,9954054 0
0,9914952 0
0,992632 0
0,9921613 0
0,9849911 0
0,9906881 0
0,9912888 0
0,9961777 0
0,9800937 0
0,9535049 0
0,74616 1
0,9365349 0
0,895434 1
0,8955261 1
0,9324495 0
0,972537 0
0,9776274 0
0,9846951 0
0,9753582 0
0,9791784 0
0,989197 0
0,9790553 0
0,9820041 0
0,9803221 0
0,9893626 0
0,9887981 0
0,984117 0
0,9933929 0
0,9867752 0
0,9872084 0
0,9877136 0
0,9842537 0
0,9881868 0
0,9854565 0
0,9889128 0
0,9894521 0
0,9850092 0
0,9839422 0
0,9869914 0
0,9795192 0
0,9849491 0
0,9886485 0
0,9872155 0
0,9452275 0
0,9564596 0
0,9069605 0
0,8752396 1
0,8144132 1
0,8922752 1
0,9808672 0
0,9898368 0
0,9910744 0
0,9707885 0
0,8260925 1
0,9861877 0
0,9824947 0
0,9929286 0
0,9813997 0
0,9918786 0
0,9851762 0
0,9916388 0
0,9927503 0
0,9873948 0
0,9917634 0
0,9865972 0
0,9907421 0
0,9892156 0
0,9877396 0
0,9917474 0
0,984701 0
0,9887261 0
0,9875813 0
0,9901914 0
0,9896424 0
0,9821035 0
0,9933721 0
0,91341 0
0,9139884 0
0,939073 0
0,9060826 0
0,9282231 0
0,9467317 0
0,9833823 0
0,9783649 0
0,9847491 0
0,9824303 0
0,9888709 0
0,9896072 0
0,988636 0
0,9925215 0
0,9954863 0
0,9879811 0
0,9879534 0
0,9895021 0
0,9937338 0
0,9975932 0
0,8240404 1
0,9887897 0
0,9876976 0
0,9891529 0
0,9817339 0
0,9879684 0
0,9886995 0
0,9812744 0
0,9665381 0
0,9861184 0
0,991999 0
0,9914579 0
0,9809491 0
0,9880207 0
0,9896284 0
0,9895994 0
0,986408 0
0,9862069 0
0,9915191 0
0,9846923 0
0,9859164 0
0,9877958 0
0,9897088 0
0,9871852 0
0,9841253 0
0,9810839 0
0,9855751 0
0,9890321 0
0,9890478 0
0,9635106 0
0,9210842 0
0,9257323 0
0,9041826 0
0,8856961 1
0,8420526 1
0,9831427 0
0,9865012 0
0,9817828 0
0,9926654 0
0,9732417 0
0,9883338 0
0,9972941 0
0,8389276 1
0,9828557 0
0,9955814 0
0,9934527 0
0,9938726 0
0,9945759 0
0,9929147 0
0,992551 0
0,9908932 0
0,9886481 0
0,9907943 0
0,9920738 0
0,9923913 0
0,9910176 0
0,9898622 0
0,9907236 0
0,9865167 0
0,9840567 0
0,986646 0
0,9915837 0
0,9676244 0
0,7972842 1
0,900842 1
0,8805519 1
0,9184628 0
0,9156131 0
0,9424958 0
0,9661257 0
0,980714 0
0,9828513 0
0,9776504 0
0,9789268 0
0,9803828 0
0,9821373 0
0,9831828 0
0,9846369 0
0,9897529 0
0,9827636 0
0,9132911 0
0,890241 1
0,8677391 1
0,8819082 1
0,8948517 1
0,8322228 1
0,8834786 1
0,9225463 0
0,9683529 0
0,9730517 0
0,9723206 0
0,9863696 0
0,9854478 0
0,9848291 0
0,9821976 0
0,9818922 0
0,9848173 0
0,9892639 0
0,9838141 0
0,9911699 0
0,9853292 0
0,9900817 0
0,9893196 0
0,9894404 0
0,9889369 0
0,9895502 0
0,9852107 0
0,9931477 0
0,9883978 0
0,9911181 0
0,9882749 0
0,9827439 0
0,9886041 0
0,9898545 0
0,9885786 0
0,9883859 0
0,9918345 0
0,9906753 0
0,9800781 0
0,9840802 0
0,9827292 0
0,9908054 0
0,9805195 0
0,9747737 0
0,9876401 0
0,9924474 0
0,9967724 0
0,9942292 0
0,8464915 1
0,9879279 0
0,9919116 0
0,9872287 0
0,9914154 0
0,9891074 0
0,9951496 0
0,9889472 0
0,9894311 0
0,9870458 0
0,9883559 0
0,9898332 0
0,9934757 0
0,9957156 0
0,9948969 0
0,9909013 0
0,9903118 0
0,9913824 0
0,9875819 0
0,9877251 0
0,9864292 0
0,9842085 0
0,9885231 0
0,9870754 0
0,9932625 0
0,9876783 0
0,9936664 0
0,9872833 0
0,987791 0
0,9900999 0
0,9917702 0
0,9908025 0
0,9917696 0
0,9931299 0
0,9898179 0
0,9893231 0
0,9912786 0
0,9846338 0
0,9912817 0
0,9934705 0
0,9948519 0
0,9949881 0
0,8444381 1
0,9867688 0
0,9969074 0
0,9932153 0
0,9895654 0
0,9921849 0
0,9943632 0
0,9969743 0
0,9971402 0
0,9988689 0
0,9961931 0
0,9957036 0
0,9986311 0
0,9962165 0
0,9982007 0
0,9936022 0
0,9985458 0
0,9958597 0
0,9968461 0
0,9963477 0
0,996508 0
0,9903613 0
0,9956241 0
0,9949357 0
0,994289 0
0,9934674 0
0,997164 0
0,995589 0
0,9953909 0
0,9956033 0
0,9949131 0
0,993577 0
0,9933764 0
0,9925827 0
0,9898993 0
0,9978338 0
0,9775222 0
0,9921907 0
0,9883828 0
0,9904291 0
0,9898595 0
0,9888356 0
0,9951603 0
0,8031498 1
0,9874105 0
0,9907136 0
0,9951882 0
0,9953625 0
0,9937086 0
0,9911894 0
0,9867624 0
0,9924843 0
0,9932614 0
0,9958653 0
0,9957188 0
0,9936367 0
0,9899689 0
0,9913024 0
0,9947694 0
0,9910311 0
0,9942549 0
0,9928492 0
0,9920052 0
0,995575 0
0,9911692 0
0,9958355 0
0,9939699 0
0,9860359 0
0,9887691 0
0,9916223 0
0,9928009 0
0,993722 0
0,9954448 0
0,9940879 0
0,9918058 0
0,9957905 0
0,9965644 0
0,9963575 0
0,9959178 0
0,9942104 0
0,991593 0
0,995338 0
0,9936391 0
0,9924365 0
0,9972835 0
0,9986952 0
0,8307121 1
0,9934208 0
0,9961319 0
0,9938799 0
0,9926538 0
0,99028 0
0,9889009 0
0,9903768 0
0,9934254 0
0,989506 0
0,991739 0
0,9894466 0
0,9889268 0
0,9851477 0
0,991506 0
0,9969311 0
0,9964791 0
0,992502 0
0,9969856 0
0,6135705 1
0,9809523 0
0,9877507 0
0,9887381 0
0,9860187 0
0,9760019 0
0,9830073 0
0,9884165 0
0,9864578 0
0,9838518 0
0,9807003 0
0,9840741 0
0,9896562 0
0,9909219 0
0,9809121 0
0,9793529 0
0,9973598 0
0,9934272 0
0,9902158 0
0,9862149 0
0,9909182 0
0,9869826 0
0,9908642 0
0,8657063 1
0,9760459 0
0,984507 0
0,9880729 0
0,9894857 0
0,9952775 0
0,9913378 0
0,9922647 0
0,9845727 0
0,9842761 0
0,9848238 0
0,9886672 0
0,9858443 0
0,9915862 0
0,9901411 0
0,9895644 0
0,9879873 0
0,9823098 0
0,9877715 0
0,9911916 0
0,9842672 0
0,9851158 0
0,9884025 0
0,9888808 0
0,9906099 0
0,9878745 0
0,9891511 0
0,98783 0
0,9919298 0
0,9918606 0
0,9912501 0
0,9936876 0
0,990752 0
0,9878356 0
0,9930236 0
0,9876475 0
0,9923217 0
0,9919505 0
0,9927058 0
0,9962245 0
0,9974608 0
0,9979564 0
0,9980409 0
0,8758697 1
0,9841978 0
0,9877321 0
0,985053 0
0,9896708 0
0,9955598 0
0,9837767 0
0,9933077 0
0,9880922 0
0,9890363 0
0,9852024 0
0,9883334 0
0,9878396 0
0,9930699 0
0,9933895 0
0,9860485 0
0,9911129 0
0,9854823 0
0,9863907 0
0,9859007 0
0,9937456 0
0,9888299 0
0,9908953 0
0,9896365 0
0,9898683 0
0,991391 0
0,9896348 0
0,989709 0
0,987448 0
0,9934841 0
0,9885908 0
0,9939971 0
0,9865562 0
0,9909945 0
0,9940999 0
0,9929351 0
0,9878122 0
0,9896713 0
0,9894132 0
0,9898521 0
0,9860617 0
0,9832494 0
0,9850509 0
0,8437989 1
0,9843733 0
0,9843168 0
0,9776834 0
0,9898872 0
0,9832048 0
0,9898658 0
0,9913573 0
0,9856521 0
0,9932311 0
0,9893886 0
0,9875256 0
0,9899333 0
0,9937081 0
0,9889266 0
0,9882607 0
0,9888562 0
0,9873665 0
0,9903113 0
0,9907534 0
0,9919749 0
0,9916307 0
0,9899877 0
0,9850758 0
0,9875032 0
0,9851877 0
0,9880599 0
0,9896806 0
0,9848519 0
0,987654 0
0,9858162 0
0,9910085 0
0,9705642 0
0,9828731 0
0,9792604 0
0,9832208 0
0,9816727 0
0,9905566 0
0,9911603 0
0,9883211 0
0,994094 0
0,9921406 0
0,8692039 1
0,9810095 0
0,9937351 0
0,9884827 0
0,9871615 0
0,9947044 0
0,9896334 0
0,9922285 0
0,9905281 0
0,9942611 0
0,9973856 0
0,9918352 0
0,9913315 0
0,9939294 0
0,9896887 0
0,994652 0
0,9884027 0
0,9860461 0
0,9887509 0
0,9941884 0
0,9923747 0
0,9915256 0
0,9915527 0
0,9914377 0
0,988751 0
0,984665 0
0,9918611 0
0,9926593 0
0,9894605 0
0,986405 0
0,973663 0
0,97114 0
0,9891025 0
0,9867358 0
0,9896842 0
0,9901834 0
0,9922823 0
0,9937707 0
0,9915452 0
0,9935116 0
0,9926961 0
0,994739 0
0,9922803 0
0,8604806 1
0,9808711 0
0,9927733 0
0,9868372 0
0,9848621 0
0,9811083 0
0,9905609 0
0,9914752 0
0,9899387 0
0,9892423 0
0,9911948 0
0,9983283 0
0,9947878 0
0,9880436 0
0,9911072 0
0,9929702 0
0,9897165 0
0,9899155 0
0,9923028 0
0,9896085 0
0,9943141 0
0,9882273 0
0,9889376 0
0,9870162 0
0,9848593 0
0,9878178 0
0,9881477 0
0,9876724 0
0,983768 0
0,9888921 0
0,9872211 0
0,9887138 0
0,990302 0
0,9918328 0
0,995728 0
0,9929807 0
0,9935246 0
0,9946771 0
0,9907751 0
0,994881 0
0,9895693 0
0,9955352 0
0,9940417 0
0,8518209 1
0,9921306 0
0,99489 0
0,9954951 0
0,9897294 0
0,7841914 1
0,7089618 1
0,7909399 1
0,9449517 0
0,9868096 0
0,9820786 0
0,9848832 0
0,9838274 0
0,987192 0
0,9936799 0
0,9909958 0
0,9891312 0
0,9888932 0
0,990569 0
0,9923871 0
0,993801 0
0,9914623 0
0,9891925 0
0,9923474 0
0,993015 0
0,9924863 0
0,9890738 0
0,9825655 0
0,9787514 0
0,9941098 0
0,9927307 0
0,992433 0
0,9918696 0
0,9947749 0
0,9952564 0
0,9930156 0
0,9931745 0
0,9947815 0
0,994085 0
0,9934328 0
0,9936268 0
0,9949876 0
0,8885029 1
0,9905865 0
0,9943258 0
0,9953611 0
0,9942974 0
0,9922106 0
0,9961551 0
0,9940576 0
0,9876517 0
0,9946765 0
0,9941418 0
0,9932258 0
0,9948319 0
0,9915504 0
0,9937937 0
0,9943029 0
0,9936656 0
0,9940568 0
0,996015 0
0,9955671 0
0,9927198 0
0,9926488 0
0,9938396 0
0,9944161 0
0,9932145 0
0,9934564 0
0,9925366 0
0,9911481 0
0,9919269 0
0,9943691 0
0,9934142 0
0,9939631 0
0,9923725 0
0,993293 0
0,9932083 0
0,9931951 0
0,99351 0
0,9952698 0
0,9925351 0
0,9914782 0
0,9931299 0
0,99357 0
0,9952621 0
0,8886616 1
0,9947239 0
0,9943299 0
0,9941873 0
0,9803181 0
0,9798072 0
0,9859656 0
0,9950174 0
0,9941044 0
0,9942057 0
0,9941847 0
0,994283 0
0,9929297 0
0,9945209 0
0,9915472 0
0,991944 0
0,9934232 0
0,9942375 0
0,9924444 0
0,9950364 0
0,9943408 0
0,9930936 0
0,9941716 0
0,9909776 0
0,9920624 0
0,9871147 0
0,988141 0
0,9904241 0
0,9920173 0
0,9917703 0
0,9929173 0
0,9933681 0
0,990049 0
0,9918853 0
0,9931898 0
0,9943327 0
0,9876423 0
0,9903536 0
0,9900656 0
0,9925792 0
0,9939603 0
0,9939258 0
0,9936829 0
0,9067315 0
0,9935602 0
0,9935896 0
0,9893491 0
0,9952937 0
0,9913874 0
0,9949038 0
0,9937874 0
0,9940552 0
0,9926411 0
0,994436 0
0,9945782 0
0,9933865 0
0,9918342 0
0,994269 0
0,9933685 0
